0.01907	0.88548	0.08414
0.01909	0.88599	0.08352
0.0191	0.8865	0.08291
0.01912	0.88639	0.08179
0.01913	0.88629	0.08067
0.01915	0.88558	0.07904
0.01916	0.8838	0.07807
0.01918	0.88262	0.07761
0.01919	0.88155	0.07827
0.01921	0.88042	0.07837
0.01922	0.87873	0.07852
0.01924	0.87709	0.07924
0.01925	0.87611	0.08104
0.01927	0.87514	0.08284
0.01928	0.87535	0.08511
0.0193	0.87665	0.08669
0.01931	0.87784	0.08715
0.01933	0.87851	0.08822
0.01934	0.87969	0.08867
0.01936	0.88082	0.08855
0.01937	0.88132	0.08794
0.01939	0.88132	0.08794
0.0194	0.88127	0.08737
0.01942	0.88132	0.08794
0.01943	0.88138	0.0885
0.01945	0.88194	0.08844
0.01946	0.8825	0.08838
0.01948	0.88306	0.08833
0.01949	0.88306	0.08833
0.01951	0.88306	0.08833
0.01953	0.88362	0.08827
0.01954	0.88413	0.08766
0.01956	0.88413	0.08766
0.01957	0.88407	0.0871
0.01959	0.88346	0.08659
0.0196	0.88284	0.08609
0.01962	0.88228	0.08614
0.01963	0.88121	0.08681
0.01965	0.88127	0.08737
0.01966	0.88127	0.08737
0.01968	0.88127	0.08737
0.0197	0.88127	0.08737
0.01971	0.8802	0.08805
0.01973	0.87969	0.08867
0.01974	0.87919	0.08929
0.01976	0.87874	0.09047
0.01977	0.87892	0.09216
0.01979	0.87966	0.09379
0.01981	0.88084	0.09423
0.01982	0.88196	0.09411
0.01984	0.88252	0.09405
0.01985	0.88252	0.09405
0.01987	0.88258	0.09461
0.01989	0.88214	0.09579
0.0199	0.88345	0.09735
0.01992	0.88518	0.09772
0.01993	0.88686	0.09754
0.01995	0.88797	0.09741
0.01997	0.88958	0.09668
0.01998	0.89118	0.09594
0.02	0.89156	0.09422
0.02001	0.8915	0.09366
0.02003	0.89194	0.0925
0.02005	0.89244	0.09188
0.02006	0.89232	0.09077
0.02008	0.89277	0.08961
0.02009	0.89204	0.088
0.02011	0.89138	0.08694
0.02013	0.88966	0.08655
0.02014	0.88854	0.08666
0.02016	0.88804	0.88804
0.02018	0.88804	0.08727
0.02019	0.88804	0.08727
0.02021	0.88743	0.08677
0.02023	0.88687	0.08682
0.02024	0.88575	0.08693
0.02026	0.88463	0.08704
0.02028	0.88418	0.08822
0.02029	0.88424	0.08878
0.02031	0.88435	0.0899
0.02033	0.88441	0.09046
0.02034	0.88453	0.09157
0.02036	0.88564	0.09146
0.02038	0.88676	0.09134
0.02039	0.88726	0.09073
0.02041	0.88726	0.09073
0.02043	0.88776	0.09011
0.02044	0.88832	0.09006
0.02046	0.88876	0.08889
0.02048	0.8881	0.08783
0.02049	0.88748	0.08733
0.02051	0.88743	0.08677
0.02053	0.88626	0.08632
0.02054	0.88564	0.08581
0.02056	0.88452	0.08592
0.02058	0.8834	0.08603
0.0206	0.88239	0.08726
0.02061	0.8825	0.08838
0.02063	0.88312	0.08889
0.02065	0.88368	0.08883
0.02066	0.88368	0.08883
0.02068	0.88362	0.08827
0.0207	0.88362	0.08827
0.02072	0.88362	0.08827
0.02073	0.88357	0.08771
0.02075	0.88301	0.08777
0.02077	0.88295	0.08721
0.02079	0.8829	0.08665
0.0208	0.88177	0.08676
0.02082	0.88121	0.08681
0.02084	0.88065	0.08687
0.02086	0.88009	0.08692
0.02087	0.87958	0.08754
0.02089	0.87958	0.08754
0.02091	0.87964	0.0881
0.02093	0.8802	0.08805
0.02094	0.88014	0.08749
0.02096	0.87947	0.08642
0.02098	0.8788	0.08534
0.021	0.87767	0.08545
0.02101	0.87592	0.08505
0.02103	0.87479	0.08516
0.02105	0.87314	0.0859
0.02107	0.87212	0.08714
0.02109	0.87167	0.08834
0.0211	0.87178	0.08947
0.02112	0.87127	0.0901
0.02114	0.87133	0.09067
0.02116	0.87133	0.09067
0.02118	0.87082	0.09129
0.02119	0.87026	0.09135
0.02121	0.86969	0.09141
0.02123	0.86861	0.0921
0.02125	0.86873	0.09324
0.02127	0.86873	0.09324
0.02128	0.86765	0.09393
0.0213	0.86715	0.09456
0.02132	0.8667	0.09577
0.02134	0.86626	0.09697
0.02136	0.86639	0.09811
0.02138	0.86652	0.09925
0.0214	0.86708	0.09918
0.02141	0.86715	0.09975
0.02143	0.86715	0.09975
0.02145	0.86665	0.10039
0.02147	0.86614	0.10102
0.02149	0.86621	0.10159
0.02151	0.86628	0.10216
0.02152	0.86641	0.1033
0.02154	0.86648	0.10387
0.02156	0.86598	0.10451
0.02158	0.86612	0.10564
0.0216	0.86626	0.10678
0.02162	0.8669	0.10728
0.02164	0.86704	0.10842
0.02166	0.86775	0.10948
0.02168	0.86895	0.1099
0.02169	0.87016	0.11033
0.02171	0.87065	0.10969
0.02173	0.87121	0.10962
0.02175	0.87121	0.10962
0.02177	0.87178	0.10955
0.02179	0.87242	0.11004
0.02181	0.87291	0.1094
0.02183	0.87284	0.10884
0.02185	0.87284	0.10884
0.02187	0.87227	0.10891
0.02189	0.87178	0.10955
0.02191	0.87242	0.11004
0.02192	0.87361	0.11046
0.02194	0.87411	0.10983
0.02196	0.87516	0.10912
0.02198	0.87509	0.10856
0.022	0.87552	0.10737
0.02202	0.87538	0.10624
0.02204	0.87468	0.10518
0.02206	0.87292	0.10482
0.02208	0.87179	0.10496
0.0221	0.87186	0.10552
0.02212	0.87186	0.10552
0.02214	0.87179	0.10496
0.02216	0.87052	0.10396
0.02218	0.86939	0.1041
0.0222	0.86825	0.10423
0.02222	0.86719	0.10494
0.02224	0.86669	0.10557
0.02226	0.86619	0.10621
0.02228	0.86619	0.10621
0.0223	0.86619	0.10621
0.02232	0.86498	0.10578
0.02234	0.86384	0.10592
0.02236	0.86277	0.10663
0.02238	0.8622	0.1067
0.0224	0.86113	0.10742
0.02242	0.85998	0.10756
0.02244	0.85891	0.10828
0.02246	0.85726	0.10907
0.02248	0.85626	0.11036
0.0225	0.85468	0.11174
0.02252	0.85319	0.11369
0.02254	0.85242	0.11673
0.02256	0.8529	0.12018
0.02258	0.85446	0.12288
0.0226	0.85642	0.12435
0.02262	0.8583	0.12525
0.02265	0.8601	0.12557
0.02267	0.86132	0.12597
0.02269	0.86245	0.1258
0.02271	0.86359	0.12564
0.02273	0.86529	0.12539
0.02275	0.86626	0.1241
0.02277	0.86609	0.12297
0.02279	0.86594	0.12183
0.02281	0.86521	0.12078
0.02283	0.864	0.12037
0.02285	0.86286	0.12053
0.02288	0.86188	0.12183
0.0229	0.86204	0.12296
0.02292	0.86261	0.12288
0.02294	0.86318	0.1228
0.02296	0.86261	0.12288
0.02298	0.86261	0.12288
0.023	0.8631	0.12223
0.02302	0.86294	0.1211
0.02305	0.86213	0.11947
0.02307	0.8597	0.11865
0.02309	0.85692	0.11962
0.02311	0.85479	0.12108
0.02313	0.85397	0.12354
0.02315	0.85422	0.12526
0.02317	0.85439	0.12641
0.0232	0.85456	0.12755
0.02322	0.8553	0.12861
0.02324	0.85587	0.12852
0.02326	0.85636	0.12787
0.02328	0.8557	0.12738
0.02331	0.85505	0.12689
0.02333	0.85373	0.12592
0.02335	0.85144	0.12626
0.02337	0.84988	0.12767
0.02339	0.84815	0.12793
0.02342	0.84602	0.12943
0.02344	0.84407	0.1321
0.02346	0.84279	0.13527
0.02348	0.84201	0.13777
0.0235	0.84191	0.14075
0.02353	0.84192	0.14431
0.02355	0.84319	0.14825
0.02357	0.8461	0.15128
0.02359	0.84927	0.15249
0.02362	0.85221	0.15254
0.02364	0.85325	0.15177
0.02366	0.85382	0.15167
0.02368	0.85392	0.15224
0.02371	0.85402	0.15281
0.02373	0.85443	0.15507
0.02375	0.8553	0.15667
0.02377	0.85752	0.15918
0.0238	0.86121	0.16024
0.02382	0.86533	0.16063
0.02384	0.86949	0.15814
0.02387	0.87167	0.1543
0.02389	0.87164	0.15087
0.02391	0.8707	0.14873
0.02394	0.87032	0.1465
0.02396	0.8693	0.14379
0.02398	0.86612	0.14201
0.024	0.86331	0.14247
0.02403	0.86227	0.14323
0.02405	0.86058	0.14351
0.02407	0.85898	0.14436
0.0241	0.8586	0.14559
0.02412	0.85747	0.14578
0.02414	0.85586	0.14664
0.02417	0.85492	0.14797
0.02419	0.85455	0.1492
0.02422	0.85248	0.15074
0.02424	0.85195	0.15435
0.02426	0.85381	0.15811
0.02429	0.85706	0.15985
0.02431	0.86064	0.16034
0.02433	0.86324	0.1587
0.02436	0.86518	0.15662
0.02438	0.86579	0.15362
0.02441	0.86474	0.15091
0.02443	0.8622	0.14962
0.02445	0.85984	0.14944
0.02448	0.85815	0.14974
0.0245	0.85768	0.15041
0.02453	0.85712	0.1505
0.02455	0.85589	0.15014
0.02458	0.85418	0.15044
0.0246	0.85258	0.15131
0.02462	0.85108	0.15275
0.02465	0.85071	0.15399
0.02467	0.85035	0.15523
0.0247	0.85045	0.1558
0.02472	0.85045	0.1558
0.02475	0.84989	0.1559
0.02477	0.84864	0.15554
0.0248	0.8475	0.15575
0.02482	0.84589	0.15664
0.02485	0.84486	0.15742
0.02487	0.84439	0.1581
0.0249	0.84314	0.15774
0.02492	0.84131	0.15749
0.02495	0.83844	0.15803
0.02497	0.8353	0.16042
0.025	0.83333	0.1626
0.02502	0.83136	0.16479
0.02505	0.82974	0.16873
0.02507	0.83021	0.17104
0.0251	0.83	0.17289
0.02512	0.8285	0.17441
0.02515	0.82598	0.17676
0.02517	0.82442	0.18073
0.0252	0.82403	0.18446
0.02523	0.82397	0.1869
0.02525	0.82233	0.19031
0.02528	0.82168	0.19533
0.0253	0.82306	0.20108
0.02533	0.82619	0.20637
0.02535	0.82946	0.20977
0.02538	0.83371	0.2123
0.02541	0.83877	0.21341
0.02543	0.84129	0.21158
0.02546	0.84227	0.21074
0.02548	0.84282	0.2106
0.02551	0.84227	0.21074
0.02554	0.84199	0.212
0.02556	0.84297	0.21353
0.02559	0.84381	0.2145
0.02562	0.84409	0.21562
0.02564	0.84493	0.21659
0.02567	0.84563	0.217
0.0257	0.84549	0.21644
0.02572	0.84382	0.21687
0.02575	0.84188	0.21856
0.02578	0.84009	0.22081
0.0258	0.83861	0.22418
0.02583	0.83758	0.22923
0.02586	0.83952	0.23406
0.02588	0.84265	0.23675
0.02591	0.84476	0.23794
0.02594	0.84546	0.23833
0.02597	0.84342	0.2395
0.02599	0.84139	0.24483
0.02602	0.84207	0.25117
0.02605	0.84463	0.25573
0.02607	0.84628	0.26114
0.0261	0.85168	0.26712
0.02613	0.8585	0.27024
0.02616	0.86392	0.27086
0.02618	0.86862	0.27112
0.02621	0.87281	0.26982
0.02624	0.87579	0.26833
0.02627	0.87651	0.26697
0.0263	0.87635	0.26644
0.02632	0.87599	0.26713
0.02635	0.87474	0.26865
0.02638	0.87382	0.27122
0.02641	0.87236	0.27569
0.02644	0.87348	0.28278
0.02646	0.87722	0.28898
0.02649	0.88199	0.29309
0.02652	0.88538	0.29648
0.02655	0.88861	0.30103
0.02658	0.89301	0.30571
0.02661	0.89823	0.31117
0.02663	0.90492	0.31605
0.02666	0.91238	0.32004
0.02669	0.91994	0.32448
0.02672	0.93065	0.3288
0.02675	0.94341	0.33019
0.02678	0.95518	0.32769
0.02681	0.96561	0.32466
0.02684	0.97521	0.31942
0.02687	0.98309	0.31381
0.02689	0.98945	0.30825
0.02692	0.99477	0.30258
0.02695	0.99945	0.29816
0.02698	1.00474	0.29411
0.02701	1.01003	0.29009
0.02704	1.0161	0.28541
0.02707	1.02205	0.28032
0.0271	1.02855	0.27369
0.02713	1.03324	0.26567
0.02716	1.03753	0.25782
0.02719	1.04121	0.24923
0.02722	1.04338	0.24008
0.02725	1.04335	0.23147
0.02728	1.04322	0.22431
0.02731	1.04314	0.21713
0.02734	1.04348	0.2094
0.02737	1.04239	0.20146
0.0274	1.03997	0.19376
0.02743	1.03674	0.18664
0.02746	1.03238	0.18113
0.02749	1.02818	0.17652
0.02752	1.02422	0.1733
0.02755	1.02145	0.17133
0.02758	1.02002	0.16863
0.02761	1.01939	0.1648
0.02764	1.0176	0.15969
0.02768	1.01445	0.15526
0.02771	1.01089	0.15135
0.02774	1.00727	0.14693
0.02777	1.00281	0.1436
0.0278	0.99791	0.14079
0.02783	0.99362	0.13889
0.02786	0.98939	0.13746
0.02789	0.98521	0.13652
0.02792	0.98051	0.13564
0.02796	0.97643	0.1357
0.02799	0.97298	0.13669
0.02802	0.9706	0.13806
0.02805	0.96959	0.1382
0.02808	0.96901	0.13777
0.02811	0.9672	0.13596
0.02815	0.96489	0.13421
0.02818	0.96213	0.13304
0.02821	0.95981	0.13128
0.02824	0.95594	0.12972
0.02827	0.95169	0.12924
0.02831	0.94748	0.12929
0.02834	0.94333	0.12986
0.02837	0.93878	0.13155
0.0284	0.93594	0.13409
0.02844	0.93467	0.13641
0.02847	0.9337	0.13709
0.0285	0.9316	0.1374
0.02853	0.92958	0.13824
0.02857	0.92702	0.13916
0.0286	0.92446	0.14008
0.02863	0.9225	0.14146
0.02867	0.92046	0.14232
0.0287	0.91789	0.14326
0.02873	0.91478	0.1443
0.02877	0.91085	0.14712
0.0288	0.90852	0.14969
0.02883	0.90629	0.15282
0.02887	0.90362	0.15659
0.0289	0.90222	0.16127
0.02893	0.90256	0.16619
0.02897	0.90443	0.17027
0.029	0.90613	0.1705
0.02904	0.9042	0.17197
0.02907	0.90256	0.17783
0.0291	0.90745	0.18293
0.02914	0.91231	0.1825
0.02917	0.91358	0.18061
0.02921	0.91337	0.17955
0.02924	0.9118	0.17712
0.02928	0.90639	0.17763
0.02931	0.90246	0.18283
0.02935	0.90176	0.19018
0.02938	0.90459	0.19567
0.02942	0.90855	0.19867
0.02945	0.91163	0.20019
0.02948	0.91343	0.20089
0.02952	0.91482	0.20223
0.02956	0.91696	0.20448
0.02959	0.9199	0.20546
0.02963	0.92082	0.20471
0.02966	0.92013	0.20649
0.0297	0.92107	0.21063
0.02973	0.92585	0.21494
0.02977	0.93233	0.21505
0.0298	0.93684	0.21135
0.02984	0.93734	0.20643
0.02988	0.93503	0.2032
0.02991	0.92958	0.20278
0.02995	0.92421	0.20775
0.02998	0.92277	0.21566
0.03002	0.92511	0.22322
0.03006	0.92863	0.22883
0.03009	0.9323	0.2349
0.03013	0.93623	0.24193
0.03017	0.94322	0.25233
0.0302	0.9583	0.2614
0.03024	0.97757	0.26392
0.03028	0.99733	0.25819
0.03031	1.01195	0.24705
0.03035	1.02127	0.23451
0.03039	1.02895	0.22304
0.03043	1.03636	0.20987
0.03046	1.04061	0.1946
0.0305	1.04057	0.17827
0.03054	1.03669	0.1635
0.03058	1.02947	0.15105
0.03061	1.0208	0.14155
0.03065	1.01147	0.13446
0.03069	1.00247	0.13018
0.03073	0.99414	0.12775
0.03077	0.98557	0.12784
0.0308	0.9802	0.12957
0.03084	0.97718	0.12997
0.03088	0.97352	0.12943
0.03092	0.9684	0.12959
0.03096	0.96447	0.13116
0.031	0.9622	0.13355
0.03103	0.96096	0.1358
0.03107	0.96118	0.13733
0.03111	0.96256	0.13609
0.03115	0.96176	0.13413
0.03119	0.95995	0.1323
0.03123	0.95769	0.13104
0.03127	0.9555	0.1303
0.03131	0.95389	0.13
0.03135	0.95213	0.12866
0.03139	0.94934	0.12746
0.03143	0.94564	0.12743
0.03147	0.94259	0.12837
0.03151	0.94072	0.13022
0.03155	0.9393	0.13148
0.03159	0.939	0.13312
0.03163	0.93907	0.13364
0.03167	0.939	0.13312
0.03171	0.93781	0.13222
0.03175	0.93669	0.13185
0.03179	0.93504	0.13155
0.03183	0.93354	0.13229
0.03187	0.93257	0.13297
0.03191	0.93219	0.13409
0.03195	0.93332	0.13447
0.032	0.93369	0.13334
0.03204	0.93347	0.13177
0.03208	0.93212	0.12981
0.03212	0.93085	0.12838
0.03216	0.92859	0.12761
0.0322	0.92693	0.1273
0.03225	0.9258	0.12692
0.03229	0.92452	0.12547
0.03233	0.92225	0.1247
0.03237	0.91998	0.12392
0.03241	0.91777	0.12367
0.03246	0.91555	0.12342
0.0325	0.91394	0.12364
0.03254	0.91218	0.12278
0.03258	0.90866	0.12106
0.03263	0.90479	0.12102
0.03267	0.90044	0.12161
0.03271	0.89629	0.12384
0.03276	0.89292	0.12767
0.0328	0.89167	0.13065
0.03284	0.89098	0.13356
0.03289	0.89068	0.13529
0.03293	0.88975	0.13656
0.03297	0.88827	0.13791
0.03302	0.88696	0.14037
0.03306	0.88621	0.14274
0.03311	0.88657	0.14494
0.03315	0.88675	0.14604
0.0332	0.88702	0.14769
0.03324	0.88721	0.14878
0.03328	0.88785	0.14924
0.03333	0.88785	0.14924
0.03337	0.8873	0.14933
0.03342	0.88684	0.14997
0.03346	0.8863	0.15006
0.03351	0.88575	0.15016
0.03355	0.88455	0.14979
0.0336	0.88291	0.15007
0.03365	0.88144	0.15146
0.03369	0.88053	0.15275
0.03374	0.87952	0.15349
0.03378	0.87916	0.15469
0.03383	0.87871	0.15534
0.03388	0.8777	0.15609
0.03392	0.87614	0.15694
0.03397	0.87524	0.15824
0.03401	0.87423	0.159
0.03406	0.87267	0.15985
0.03411	0.87076	0.16193
0.03416	0.87006	0.16436
0.0342	0.86948	0.16734
0.03425	0.87002	0.17011
0.0343	0.8709	0.17166
0.03434	0.87123	0.17332
0.03439	0.87156	0.17497
0.03444	0.87255	0.17707
0.03449	0.87388	0.17794
0.03454	0.87531	0.17937
0.03458	0.87718	0.18012
0.03463	0.87948	0.18022
0.03468	0.88046	0.17945
0.03473	0.88133	0.17814
0.03478	0.88165	0.17694
0.03483	0.88089	0.17596
0.03488	0.87979	0.17618
0.03493	0.8799	0.17672
0.03497	0.881	0.17651
0.03502	0.88176	0.17465
0.03507	0.88122	0.17192
0.03512	0.87806	0.17026
0.03517	0.87432	0.17156
0.03522	0.87299	0.17354
0.03527	0.87321	0.17464
0.03532	0.87321	0.17464
0.03537	0.872	0.17431
0.03542	0.87046	0.1752
0.03547	0.87013	0.17641
0.03553	0.86946	0.17597
0.03558	0.8678	0.17631
0.03563	0.86626	0.1772
0.03568	0.86494	0.1792
0.03573	0.86484	0.18154
0.03578	0.8663	0.18296
0.03583	0.86796	0.18261
0.03589	0.86772	0.18151
0.03594	0.86694	0.18052
0.03599	0.86572	0.1802
0.03604	0.86406	0.18054
0.03609	0.86339	0.1801
0.03615	0.86204	0.17923
0.0362	0.85859	0.17936
0.03625	0.85603	0.18107
0.03631	0.85415	0.18322
0.03636	0.85295	0.18582
0.03641	0.85413	0.1885
0.03647	0.85524	0.18825
0.03652	0.85444	0.18726
0.03657	0.85196	0.18663
0.03663	0.8494	0.18837
0.03668	0.84753	0.19055
0.03674	0.84649	0.19374
0.03679	0.84713	0.19655
0.03685	0.84933	0.19839
0.0369	0.85087	0.19744
0.03696	0.84993	0.1959
0.03701	0.84868	0.1956
0.03707	0.84799	0.19517
0.03712	0.84579	0.19331
0.03718	0.84216	0.19296
0.03723	0.83777	0.19456
0.03729	0.8342	0.1972
0.03734	0.83076	0.20042
0.0374	0.82818	0.20467
0.03746	0.82705	0.20978
0.03751	0.82735	0.21333
0.03757	0.82737	0.21574
0.03763	0.82698	0.21887
0.03769	0.82574	0.22101
0.03774	0.8244	0.22501
0.0378	0.82354	0.23071
0.03786	0.82586	0.23672
0.03792	0.82882	0.2407
0.03797	0.83145	0.24355
0.03803	0.83393	0.24583
0.03809	0.83672	0.24919
0.03815	0.84082	0.25095
0.03821	0.84403	0.25177
0.03827	0.84582	0.25183
0.03833	0.8481	0.25351
0.03839	0.85144	0.25486
0.03844	0.85445	0.25513
0.0385	0.85837	0.25455
0.03856	0.86073	0.25269
0.03862	0.86202	0.25115
0.03868	0.86324	0.25138
0.03875	0.86591	0.2506
0.03881	0.86796	0.24771
0.03887	0.86804	0.24596
0.03893	0.86881	0.24459
0.03899	0.86913	0.24162
0.03905	0.86746	0.23978
0.03911	0.86556	0.23915
0.03917	0.86478	0.24052
0.03924	0.86616	0.2413
0.0393	0.86761	0.24032
0.03936	0.86756	0.23802
0.03942	0.86697	0.23588
0.03949	0.86492	0.2347
0.03955	0.86384	0.235
0.03961	0.8634	0.23338
0.03967	0.86149	0.23274
0.03974	0.85957	0.23209
0.0398	0.8574	0.23268
0.03987	0.85686	0.23283
0.03993	0.85478	0.23164
0.03999	0.85191	0.23183
0.04006	0.84877	0.23328
0.04012	0.84618	0.23458
0.04019	0.84405	0.23754
0.04025	0.84303	0.24021
0.04032	0.84162	0.24358
0.04039	0.84219	0.24757
0.04045	0.84496	0.2509
0.04052	0.84707	0.25205
0.04058	0.84902	0.25265
0.04065	0.85134	0.25254
0.04072	0.8535	0.2519
0.04078	0.8548	0.25035
0.04085	0.8554	0.24842
0.04092	0.85547	0.24665
0.04099	0.85593	0.24418
0.04105	0.85462	0.24163
0.04112	0.85386	0.23891
0.04119	0.85156	0.23486
0.04126	0.84638	0.23099
0.04133	0.83885	0.22948
0.0414	0.83193	0.23259
0.04147	0.82753	0.23624
0.04154	0.82354	0.23921
0.04161	0.81988	0.24333
0.04168	0.81697	0.24787
0.04175	0.81516	0.25394
0.04182	0.81562	0.25931
0.04189	0.81725	0.26247
0.04196	0.81796	0.26468
0.04203	0.8183	0.26763
0.0421	0.81903	0.26983
0.04217	0.81921	0.27221
0.04224	0.81921	0.27587
0.04232	0.8216	0.27933
0.04239	0.82525	0.28113
0.04246	0.82742	0.28039
0.04253	0.82958	0.27966
0.04261	0.83012	0.27767
0.04268	0.82904	0.27623
0.04275	0.8265	0.27586
0.04283	0.82505	0.27695
0.0429	0.8236	0.27805
0.04298	0.8216	0.27933
0.04305	0.82017	0.28226
0.04312	0.82037	0.28463
0.0432	0.82094	0.28626
0.04328	0.82186	0.28715
0.04335	0.82186	0.28715
0.04343	0.82113	0.2868
0.0435	0.81912	0.28628
0.04358	0.81585	0.28743
0.04366	0.81261	0.29042
0.04373	0.81087	0.29413
0.04381	0.81029	0.29928
0.04389	0.8119	0.30361
0.04397	0.81453	0.3057
0.04404	0.81493	0.30678
0.04412	0.81574	0.30892
0.0442	0.81742	0.31012
0.04428	0.81816	0.31045
0.04436	0.81709	0.31086
0.04444	0.81651	0.31414
0.04452	0.81848	0.31766
0.0446	0.82142	0.31896
0.04468	0.82459	0.31773
0.04476	0.82504	0.31574
0.04484	0.82358	0.31509
0.04492	0.82272	0.31602
0.045	0.82325	0.31582
0.04509	0.82232	0.31496
0.04517	0.82064	0.31378
0.04525	0.81704	0.31394
0.04533	0.81372	0.31645
0.04542	0.81263	0.31995
0.0455	0.81294	0.32229
0.04558	0.81209	0.32324
0.04567	0.81092	0.32494
0.04575	0.8105	0.32696
0.04584	0.81008	0.32898
0.04592	0.80945	0.33047
0.04601	0.80839	0.3309
0.04609	0.80596	0.33252
0.04618	0.80366	0.33596
0.04626	0.8019	0.33919
0.04635	0.80114	0.34326
0.04644	0.80085	0.34838
0.04652	0.80321	0.35234
0.04661	0.80614	0.35478
0.0467	0.80764	0.35536
0.04679	0.80838	0.35565
0.04687	0.80793	0.35461
0.04696	0.80383	0.35517
0.04705	0.79979	0.36009
0.04714	0.79852	0.36693
0.04723	0.79936	0.3728
0.04732	0.80074	0.3784
0.04741	0.80364	0.3845
0.0475	0.80905	0.39058
0.04759	0.81742	0.39392
0.04769	0.8253	0.39258
0.04778	0.83076	0.3888
0.04787	0.83379	0.38499
0.04796	0.83563	0.38115
0.04806	0.83581	0.37628
0.04815	0.83525	0.37234
0.04824	0.8323	0.36705
0.04834	0.82626	0.36429
0.04843	0.82079	0.36428
0.04853	0.81558	0.36355
0.04862	0.80804	0.36322
0.04872	0.79904	0.36669
0.04881	0.79015	0.37461
0.04891	0.78641	0.38657
0.04901	0.78791	0.39598
0.0491	0.79098	0.4033
0.0492	0.79527	0.40552
0.0493	0.79527	0.40552
0.0494	0.79099	0.40456
0.04949	0.78019	0.40951
0.04959	0.7719	0.42169
0.04969	0.7678	0.43762
0.04979	0.76803	0.45702
0.04989	0.77751	0.47909
0.04999	0.79889	0.49318
0.05009	0.81755	0.49233
0.0502	0.82544	0.48822
0.0503	0.82864	0.49056
0.0504	0.83473	0.49777
0.0505	0.8455	0.50385
0.05061	0.85838	0.50677
0.05071	0.86966	0.50824
0.05081	0.88399	0.51132
0.05092	0.90406	0.50826
0.05102	0.92115	0.49449
0.05113	0.92766	0.47808
0.05123	0.9293	0.46648
0.05134	0.93127	0.45637
0.05145	0.93162	0.446
0.05155	0.92989	0.43554
0.05166	0.92423	0.42684
0.05177	0.91727	0.42354
0.05188	0.91305	0.42386
0.05199	0.91302	0.42497
0.05209	0.91599	0.42195
0.0522	0.91425	0.41455
0.05231	0.90829	0.41231
0.05242	0.90709	0.41451
0.05254	0.90941	0.41235
0.05265	0.90852	0.4067
0.05276	0.90396	0.40267
0.05287	0.8999	0.40227
0.05298	0.89809	0.40196
0.0531	0.89659	0.39985
0.05321	0.89307	0.39695
0.05333	0.88828	0.39627
0.05344	0.88567	0.39801
0.05356	0.88551	0.39638
0.05367	0.88225	0.39161
0.05379	0.87523	0.38733
0.05391	0.86424	0.38589
0.05402	0.85122	0.39061
0.05414	0.84158	0.40281
0.05426	0.84072	0.4181
0.05438	0.84806	0.42803
0.0545	0.85557	0.43012
0.05462	0.8586	0.42918
0.05474	0.8586	0.42918
0.05486	0.85814	0.43175
0.05498	0.86001	0.43546
0.0551	0.86395	0.43637
0.05523	0.86603	0.43474
0.05535	0.86626	0.4329
0.05547	0.8651	0.4329
0.0556	0.86626	0.43405
0.05572	0.8681	0.43198
0.05585	0.86627	0.42827
0.05597	0.86233	0.42849
0.0561	0.86139	0.43012
0.05623	0.86116	0.42965
0.05636	0.86023	0.42895
0.05648	0.85977	0.42686
0.05661	0.85651	0.42381
0.05674	0.85183	0.42145
0.05687	0.84452	0.41977
0.057	0.83595	0.42287
0.05714	0.83193	0.42792
0.05727	0.82885	0.43011
0.0574	0.82192	0.43192
0.05753	0.81436	0.43838
0.05767	0.81061	0.44843
0.0578	0.81199	0.45752
0.05794	0.81535	0.46238
0.05807	0.81851	0.46364
0.05821	0.81674	0.46159
0.05835	0.81144	0.46091
0.05848	0.80178	0.46459
0.05862	0.79345	0.47388
0.05876	0.78796	0.4867
0.0589	0.78844	0.50163
0.05904	0.79367	0.5147
0.05918	0.80145	0.5228
0.05932	0.80718	0.52777
0.05946	0.80972	0.53352
0.05961	0.81595	0.54477
0.05975	0.83122	0.5522
0.0599	0.84922	0.54697
0.06004	0.85565	0.53117
0.06019	0.8465	0.5192
0.06033	0.83195	0.52167
0.06048	0.8263	0.53552
0.06063	0.8329	0.54929
0.06078	0.8442	0.55378
0.06093	0.85312	0.55209
0.06108	0.85823	0.54822
0.06123	0.86132	0.54393
0.06138	0.86073	0.54024
0.06153	0.86094	0.53779
0.06168	0.85901	0.53375
0.06184	0.85249	0.5308
0.06199	0.84409	0.53431
0.06215	0.83977	0.54241
0.0623	0.84106	0.5499
0.06246	0.84296	0.55459
0.06262	0.84444	0.55954
0.06278	0.84798	0.56487
0.06294	0.85341	0.56948
0.0631	0.86162	0.57044
0.06326	0.86835	0.56659
0.06342	0.87299	0.55957
0.06358	0.87292	0.55045
0.06375	0.86692	0.54273
0.06391	0.85801	0.53962
0.06407	0.85046	0.53971
0.06424	0.84301	0.53914
0.06441	0.83228	0.54008
0.06458	0.81961	0.5466
0.06474	0.81154	0.5582
0.06491	0.80628	0.56928
0.06508	0.80287	0.58104
0.06525	0.80192	0.5942
0.06543	0.80429	0.60736
0.0656	0.8091	0.61859
0.06577	0.81585	0.62818
0.06595	0.82492	0.63521
0.06612	0.83547	0.63797
0.0663	0.84295	0.63527
0.06648	0.8456	0.63091
0.06666	0.84372	0.62758
0.06684	0.8381	0.62642
0.06702	0.83111	0.62988
0.0672	0.82609	0.63673
0.06738	0.82218	0.64341
0.06757	0.81435	0.65205
0.06775	0.80907	0.67052
0.06794	0.81458	0.69177
0.06812	0.82885	0.7064
0.06831	0.84332	0.71147
0.0685	0.85189	0.71254
0.06869	0.85638	0.71581
0.06888	0.86279	0.72208
0.06907	0.87219	0.72576
0.06926	0.87811	0.72599
0.06946	0.88068	0.72842
0.06965	0.8829	0.73451
0.06985	0.88668	0.74378
0.07005	0.89538	0.75611
0.07025	0.91094	0.76734
0.07045	0.93386	0.77207
0.07065	0.95586	0.76528
0.07085	0.97019	0.75449
0.07105	0.98266	0.74339
0.07126	0.99132	0.72782
0.07146	0.9922	0.71306
0.07167	0.99139	0.70204
0.07187	0.98965	0.69166
0.07208	0.98463	0.683
0.07229	0.97906	0.67718
0.07251	0.97387	0.67411
0.07272	0.97147	0.67063
0.07293	0.96665	0.66363
0.07315	0.95647	0.65867
0.07336	0.94571	0.65982
0.07358	0.93724	0.66365
0.0738	0.92918	0.66887
0.07402	0.9225	0.6775
0.07424	0.92078	0.68909
0.07447	0.92624	0.69852
0.07469	0.93475	0.70126
0.07491	0.94083	0.69725
0.07514	0.94098	0.69024
0.07537	0.93615	0.68365
0.0756	0.92623	0.67964
0.07583	0.9132	0.68112
0.07606	0.90135	0.68952
0.0763	0.89538	0.70193
0.07653	0.89497	0.71343
0.07677	0.89932	0.72165
0.07701	0.90345	0.72057
0.07725	0.89776	0.71623
0.07749	0.88486	0.71762
0.07773	0.87107	0.72784
0.07798	0.86198	0.74364
0.07822	0.85842	0.75953
0.07847	0.85512	0.77475
0.07872	0.85249	0.79356
0.07897	0.85694	0.81569
0.07922	0.86725	0.83194
0.07948	0.87377	0.8429
0.07973	0.87587	0.85915
0.07999	0.88403	0.88629
0.08025	0.91214	0.91269
0.08051	0.9497	0.92029
0.08077	0.98149	0.91341
0.08104	1.00761	0.90015
0.0813	1.02815	0.87925
0.08157	1.03777	0.85086
0.08184	1.03045	0.82391
0.08211	1.01471	0.81156
0.08238	1.00299	0.80808
0.08266	0.99501	0.80502
0.08293	0.98415	0.80222
0.08321	0.97367	0.80314
0.08349	0.96477	0.80485
0.08377	0.95373	0.80474
0.08406	0.93635	0.80793
0.08434	0.91625	0.82129
0.08463	0.90348	0.84396
0.08492	0.89998	0.86946
0.08521	0.90643	0.89141
0.08551	0.91574	0.90364
0.0858	0.92008	0.91025
0.0861	0.91679	0.91515
0.0864	0.90488	0.92941
0.0867	0.90042	0.95956
0.08701	0.91367	0.98833
0.08731	0.93016	1.00359
0.08762	0.93838	1.01664
0.08793	0.94685	1.03659
0.08825	0.96185	1.05838
0.08856	0.9839	1.07938
0.08888	1.01283	1.09445
0.0892	1.04339	1.10121
0.08952	1.07651	1.10357
0.08984	1.11095	1.09051
0.09017	1.12982	1.06654
0.0905	1.13391	1.04726
0.09083	1.13552	1.03653
0.09116	1.13642	1.02735
0.0915	1.1352	1.01965
0.09184	1.12849	1.01463
0.09218	1.12322	1.01716
0.09253	1.11822	1.01903
0.09287	1.10938	1.02895
0.09322	1.10949	1.04688
0.09357	1.1169	1.06276
0.09393	1.12731	1.07556
0.09428	1.13699	1.08708
0.09464	1.15003	1.10389
0.09501	1.17519	1.11896
0.09537	1.20393	1.12091
0.09574	1.22908	1.11832
0.09611	1.25381	1.10862
0.09649	1.27317	1.09451
0.09686	1.28571	1.07567
0.09724	1.28645	1.06534
0.09763	1.30292	1.06799
0.09801	1.33333	1.04775
0.0984	1.34533	1.00644
0.09879	1.33215	0.96573
0.09919	1.29848	0.93917
0.09959	1.25895	0.94444
0.09999	1.24971	0.96942
0.10039	1.26188	0.96919
0.1008	1.25028	0.95299
0.10121	1.22391	0.95758
0.10163	1.21177	0.98203
0.10205	1.22393	1.0025
0.10247	1.24534	1.00093
0.10289	1.25604	0.97808
0.10332	1.24249	0.94488
0.10375	1.19661	0.92135
0.10419	1.13227	0.9397
0.10463	1.10007	0.99857
0.10507	1.10794	1.04428
0.10552	1.11659	1.06619
0.10597	1.114	1.08259
0.10642	1.10093	1.10952
0.10688	1.09893	1.15613
0.10735	1.1244	1.19886
0.10781	1.15571	1.21354
0.10828	1.16428	1.22006
0.10876	1.16612	1.2413
0.10924	1.1731	1.26971
0.10972	1.18337	1.30475
0.11021	1.20691	1.34931
0.1107	1.25221	1.39034
0.1112	1.31559	1.41343
0.1117	1.38302	1.40562
0.1122	1.428	1.36974
0.11271	1.43935	1.33706
0.11323	1.4408	1.32322
0.11375	1.44297	1.31915
0.11427	1.44433	1.32102
0.1148	1.44599	1.333
0.11533	1.4565	1.35771
0.11587	1.4897	1.38752
0.11642	1.54902	1.40088
0.11697	1.61683	1.37337
0.11752	1.65078	1.30999
0.11808	1.64056	1.24957
0.11865	1.60387	1.21301
0.11922	1.55366	1.20618
0.11979	1.50921	1.23641
0.12037	1.49169	1.28847
0.12096	1.50158	1.34824
0.12155	1.54732	1.39757
0.12215	1.60155	1.41207
0.12276	1.64641	1.41551
0.12337	1.69318	1.40387
0.12398	1.71887	1.37096
0.12461	1.7082	1.35054
0.12524	1.69447	1.36975
0.12587	1.70891	1.40762
0.12651	1.75167	1.44234
0.12716	1.81719	1.45334
0.12782	1.87726	1.42762
0.12848	1.90464	1.39055
0.12915	1.91476	1.37015
0.12983	1.92607	1.36262
0.13051	1.94176	1.36654
0.1312	1.97761	1.37439
0.1319	2.0241	1.36234
0.1326	2.06477	1.33913
0.13332	2.10131	1.30442
0.13404	2.12196	1.26322
0.13477	2.13084	1.22698
0.1355	2.13417	1.19695
0.13625	2.13154	1.1745
0.137	2.13355	1.16707
0.13776	2.15495	1.15664
0.13853	2.17327	1.12342
0.13931	2.16612	1.09228
0.1401	2.15843	1.08389
0.14089	2.16656	1.08167
0.1417	2.18743	1.06952
0.14251	2.20506	1.04033
0.14333	2.20544	1.00298
0.14417	2.18673	0.97611
0.14501	2.16502	0.9702
0.14586	2.15593	0.98032
0.14673	2.1655	0.98915
0.1476	2.18121	0.98776
0.14848	2.19744	0.97864
0.14938	2.20752	0.96443
0.15028	2.21382	0.95288
0.1512	2.21897	0.94436
0.15213	2.2299	0.94152
0.15307	2.25071	0.92882
0.15402	2.26038	0.90405
0.15498	2.25799	0.88574
0.15596	2.25443	0.87605
0.15694	2.24931	0.87316
0.15794	2.24752	0.88676
0.15895	2.27176	0.91317
0.15998	2.32845	0.92014
0.16102	2.38771	0.8906
0.16207	2.42941	0.83847
0.16314	2.44756	0.7769
0.16422	2.44389	0.72221
0.16531	2.4289	0.68158
0.16642	2.41586	0.66208
0.16755	2.42832	0.64633
0.16869	2.44855	0.60117
0.16984	2.44298	0.54053
0.17101	2.4163	0.49145
0.1722	2.38825	0.45577
0.1734	2.35858	0.42059
0.17463	2.31876	0.39072
0.17586	2.2736	0.37584
0.17712	2.23399	0.37511
0.1784	2.20417	0.37996
0.17969	2.18088	0.38631
0.181	2.16203	0.39292
0.18233	2.14547	0.40131
0.18368	2.13695	0.41297
0.18505	2.13809	0.41883
0.18644	2.13946	0.41506
0.18785	2.13781	0.40649
0.18929	2.13134	0.39318
0.19075	2.11615	0.38088
0.19222	2.09771	0.37732
0.19373	2.08609	0.37918
0.19525	2.07927	0.37465
0.1968	2.06632	0.36563
0.19838	2.04773	0.35942
0.19997	2.02733	0.35786
0.2016	2.00641	0.3601
0.20325	1.986	0.36632
0.20493	1.96829	0.37571
0.20664	1.95296	0.3848
0.20838	1.93461	0.39336
0.21014	1.91228	0.40841
0.21194	1.89403	0.434
0.21377	1.88588	0.46318
0.21563	1.885	0.48912
0.21752	1.88431	0.51053
0.21944	1.88005	0.53722
0.2214	1.8838	0.57331
0.2234	1.90214	0.61247
0.22543	1.9406	0.64336
0.22749	1.98586	0.6501
0.2296	2.02048	0.63822
0.23175	2.03881	0.61948
0.23393	2.04116	0.60774
0.23616	2.04464	0.61038
0.23843	2.05911	0.61313
0.24075	2.07498	0.60459
0.24311	2.07845	0.58986
0.24551	2.06929	0.58305
0.24797	2.05779	0.59117
0.25047	2.05629	0.60935
0.25303	2.06222	0.62748
0.25564	2.07303	0.64688
0.2583	2.08793	0.66741
0.26102	2.11064	0.69268
0.2638	2.14977	0.71519
0.26663	2.19973	0.72168
0.26953	2.24887	0.71303
0.27249	2.29185	0.68962
0.27552	2.32024	0.66071
0.27862	2.3404	0.63835
0.28178	2.36334	0.61756
0.28502	2.38342	0.59389
0.28834	2.40384	0.57221
0.29173	2.42638	0.54526
0.2952	2.4459	0.51228
0.29876	2.45877	0.4728
0.3024	2.45773	0.43292
0.30613	2.44916	0.40545
0.30996	2.44672	0.38787
0.31388	2.45668	0.36777
0.31791	2.46867	0.32913
0.32204	2.45735	0.27672
0.32627	2.42013	0.23883
0.33062	2.37649	0.22744
0.33509	2.34325	0.23834
0.33968	2.32933	0.25844
0.3444	2.32894	0.27738
0.34925	2.34194	0.29783
0.35424	2.3767	0.31094
0.35937	2.42754	0.2966
0.36466	2.46763	0.24538
0.3701	2.47028	0.17974
0.37571	2.44713	0.13199
0.38149	2.4206	0.10163
0.38745	2.3959	0.07951
0.3936	2.37171	0.06325
0.39995	2.34941	0.05235
0.40651	2.33023	0.04463
0.41328	2.31354	0.03825
0.42029	2.2987	0.03197
0.42753	2.28401	0.02627
0.43503	2.26947	0.02181
0.4428	2.25596	0.01862
0.45085	2.24372	0.01627
0.4592	2.23231	0.01456
0.46786	2.22175	0.01328
0.47686	2.21227	0.0122
0.48621	2.20321	0.01135
0.49594	2.19479	0.01048
0.50606	2.18703	0.00983
0.5166	2.1797	0.00918
0.52759	2.17303	0.00874
0.53906	2.16635	0.00831
0.55104	2.16034	0.00787
0.56356	2.15454	0.00743
0.57667	2.14896	0.00698
0.5904	2.14361	0.00676
0.6048	2.1387	0.00631
0.61992	2.13402	0.00609
0.63582	2.12956	0.00563
0.65255	2.1251	0.00541
0.67019	2.12109	0.00519
0.6888	2.11708	0.00496
0.70848	2.1133	0.00473
0.72932	2.10974	0.0045
0.75142	2.10642	0.00427
0.7749	2.1031	0.00404
0.7999	2.1	0.00405
0.82656	2.09714	0.00381
0.85506	2.09428	0.00358
0.8856	2.09165	0.00335
0.9184	2.08902	0.00335
0.95373	2.08663	0.00312
0.99187	2.08423	0.00288
1.0332	2.08207	0.00288
1.07812	2.07991	0.00264
1.12713	2.07798	0.00241
1.1808	2.07606	0.00241
1.23984	2.07437	0.00217
1.3051	2.07268	0.00217
1.3776	2.07099	0.00193
1.45864	2.06954	0.00193
1.5498	2.06809	0.00169
1.65312	2.06688	0.00169
1.7712	2.06567	0.00145
1.90745	2.06446	0.00145
2.0664	2.06349	0.00121
2.25426	2.06252	0.00121
2.47968	2.0618	9.70028E-4
2.7552	2.06083	9.70485E-4
3.0996	2.06034	7.28035E-4
3.54241	2.05961	7.28293E-4
4.13281	2.05913	7.28464E-4
4.95937	2.05864	4.85757E-4
6.19921	2.0584	4.85815E-4
8.26561	2.05791	2.42965E-4
12.3984	2.05791	2.42965E-4
24.7968	2.05767	0