0.45	29.41732	9.32753E-5
0.451	29.24416	9.32495E-5
0.452	29.07099	9.32237E-5
0.453	28.89783	9.31979E-5
0.454	28.72466	9.32366E-5
0.455	28.58036	9.32966E-5
0.456	28.4405	9.33566E-5
0.457	28.29632	9.34166E-5
0.458	28.10983	9.34766E-5
0.459	27.92335	9.35365E-5
0.46	27.6754	9.35965E-5
0.461	27.29576	9.36565E-5
0.462	27.18278	9.37165E-5
0.463	27.08954	9.37765E-5
0.464	26.9963	9.38365E-5
0.465	26.90305	9.38965E-5
0.466	26.80981	9.39565E-5
0.467	26.71062	9.40165E-5
0.468	26.60184	9.40765E-5
0.469	26.49306	9.41365E-5
0.47	26.38427	9.41964E-5
0.471	26.28371	9.42564E-5
0.472	26.21211	9.43164E-5
0.473	26.14052	9.43764E-5
0.474	26.06892	9.44364E-5
0.475	25.99732	9.44971E-5
0.476	25.92572	9.45622E-5
0.477	25.85002	9.46274E-5
0.478	25.77232	9.46925E-5
0.479	25.69462	9.47577E-5
0.48	25.61691	9.48228E-5
0.481	25.56039	9.4888E-5
0.482	25.52413	9.49532E-5
0.483	25.48787	9.50183E-5
0.484	25.45161	9.50835E-5
0.485	25.41535	9.51486E-5
0.486	25.37908	9.52138E-5
0.487	25.34282	9.52789E-5
0.488	25.30768	9.53441E-5
0.489	25.27438	9.54092E-5
0.49	25.24108	9.54744E-5
0.491	25.20777	9.55395E-5
0.492	25.17447	9.56047E-5
0.493	25.14117	9.56699E-5
0.494	25.10787	9.5735E-5
0.495	25.07457	9.58002E-5
0.496	25.04127	9.58653E-5
0.497	25.00797	9.59305E-5
0.498	24.97615	9.59956E-5
0.499	24.94507	9.60608E-5
0.5	24.91399	9.61259E-5
0.501	24.88291	9.62076E-5
0.502	24.85182	9.63396E-5
0.503	24.82074	9.64716E-5
0.504	24.78966	9.66036E-5
0.505	24.75858	9.67356E-5
0.506	24.7244	9.68675E-5
0.507	24.6843	9.69995E-5
0.508	24.64421	9.71315E-5
0.509	24.60411	9.72635E-5
0.51	24.56402	9.73955E-5
0.511	24.52393	9.75274E-5
0.512	24.48383	9.76594E-5
0.513	24.44374	9.77914E-5
0.514	24.40364	9.79234E-5
0.515	24.36355	9.80554E-5
0.516	24.32642	9.81873E-5
0.517	24.29311	9.83193E-5
0.518	24.25981	9.84513E-5
0.519	24.22651	9.85833E-5
0.52	24.19321	9.87153E-5
0.521	24.15991	9.88472E-5
0.522	24.12661	9.89792E-5
0.523	24.09331	9.91112E-5
0.524	24.06001	9.92432E-5
0.525	24.02671	9.93752E-5
0.526	23.99824	9.95071E-5
0.527	23.9716	9.96391E-5
0.528	23.94496	9.97711E-5
0.529	23.91832	9.99031E-5
0.53	23.89168	1.00035E-4
0.531	23.86504	1.00167E-4
0.532	23.8384	1.00299E-4
0.533	23.81175	1.00431E-4
0.534	23.78511	1.00571E-4
0.535	23.75838	1.00713E-4
0.536	23.72574	1.00855E-4
0.537	23.69311	1.00997E-4
0.538	23.66047	1.01139E-4
0.539	23.62784	1.01281E-4
0.54	23.5952	1.01423E-4
0.541	23.56257	1.01565E-4
0.542	23.52993	1.01707E-4
0.543	23.4973	1.01849E-4
0.544	23.46466	1.01991E-4
0.545	23.4324	1.02133E-4
0.546	23.40326	1.02275E-4
0.547	23.37413	1.02417E-4
0.548	23.34499	1.02559E-4
0.549	23.31585	1.02701E-4
0.55	23.28671	1.02843E-4
0.551	23.25757	1.02986E-4
0.552	23.22843	1.03128E-4
0.553	23.1993	1.0327E-4
0.554	23.17016	1.03412E-4
0.555	23.14102	1.03554E-4
0.556	23.11183	1.03696E-4
0.557	23.07757	1.03838E-4
0.558	23.04332	1.0398E-4
0.559	23.00907	1.04122E-4
0.56	22.97482	1.04264E-4
0.561	22.94056	1.04406E-4
0.562	22.90631	1.04548E-4
0.563	22.87206	1.0469E-4
0.564	22.83781	1.04847E-4
0.565	22.80355	1.05012E-4
0.566	22.77399	1.05176E-4
0.567	22.75534	1.05341E-4
0.568	22.73669	1.05506E-4
0.569	22.71805	1.05671E-4
0.57	22.6994	1.05835E-4
0.571	22.68075	1.06E-4
0.572	22.6621	1.06165E-4
0.573	22.6419	1.06329E-4
0.574	22.619	1.06494E-4
0.575	22.5961	1.06659E-4
0.576	22.57319	1.06823E-4
0.577	22.55029	1.06988E-4
0.578	22.52739	1.07153E-4
0.579	22.50449	1.07318E-4
0.58	22.48159	1.07482E-4
0.581	22.45869	1.07647E-4
0.582	22.43578	1.07812E-4
0.583	22.41288	1.07976E-4
0.584	22.38972	1.08141E-4
0.585	22.36308	1.08306E-4
0.586	22.33644	1.0847E-4
0.587	22.3098	1.08635E-4
0.588	22.28316	1.088E-4
0.589	22.25652	1.08964E-4
0.59	22.22987	1.09129E-4
0.591	22.20323	1.09294E-4
0.592	22.17659	1.09459E-4
0.593	22.14995	1.09623E-4
0.594	22.12451	1.09788E-4
0.595	22.1012	1.09953E-4
0.596	22.07789	1.10117E-4
0.597	22.05458	1.10282E-4
0.598	22.03127	1.10447E-4
0.599	22.00796	1.10611E-4
0.6	21.98464	1.10776E-4
0.601	21.96133	1.10941E-4
0.602	21.93802	1.11106E-4
0.603	21.91471	1.11252E-4
0.604	21.8914	1.1139E-4
0.605	21.86624	1.11527E-4
0.606	21.83588	1.11665E-4
0.607	21.80553	1.11803E-4
0.608	21.77517	1.11941E-4
0.609	21.74481	1.12078E-4
0.61	21.71445	1.12216E-4
0.611	21.68409	1.12354E-4
0.612	21.65373	1.12492E-4
0.613	21.62338	1.12629E-4
0.614	21.59763	1.12767E-4
0.615	21.57348	1.12905E-4
0.616	21.54934	1.13043E-4
0.617	21.5252	1.13181E-4
0.618	21.50105	1.13318E-4
0.619	21.47691	1.13456E-4
0.62	21.45277	1.13594E-4
0.621	21.42862	1.13732E-4
0.622	21.40448	1.13869E-4
0.623	21.38034	1.14007E-4
0.624	21.35619	1.14145E-4
0.625	21.33634	1.14283E-4
0.626	21.31886	1.1442E-4
0.627	21.30137	1.14558E-4
0.628	21.28389	1.14696E-4
0.629	21.26641	1.14834E-4
0.63	21.24892	1.14972E-4
0.631	21.23144	1.15109E-4
0.632	21.21396	1.15247E-4
0.633	21.19648	1.15385E-4
0.634	21.17899	1.15523E-4
0.635	21.16151	1.1566E-4
0.636	21.12809	1.15798E-4
0.637	21.08147	1.15936E-4
0.638	21.03484	1.16074E-4
0.639	21.01004	1.16211E-4
0.64	20.99165	1.16349E-4
0.641	20.97327	1.16487E-4
0.642	20.95488	1.16625E-4
0.643	20.9365	1.16763E-4
0.644	20.91811	1.169E-4
0.645	20.89973	1.17038E-4
0.646	20.88134	1.17176E-4
0.647	20.86295	1.17314E-4
0.648	20.84457	1.17451E-4
0.649	20.82618	1.17589E-4
0.65	20.8078	1.17727E-4
0.651	20.78941	1.17865E-4
0.652	20.77102	1.18002E-4
0.653	20.7562	1.1814E-4
0.654	20.74288	1.18278E-4
0.655	20.72956	1.18416E-4
0.656	20.71624	1.18554E-4
0.657	20.70292	1.18691E-4
0.658	20.6896	1.18829E-4
0.659	20.67628	1.18957E-4
0.66	20.66296	1.1908E-4
0.661	20.64964	1.19204E-4
0.662	20.63632	1.19327E-4
0.663	20.62115	1.1945E-4
0.664	20.60597	1.19574E-4
0.665	20.59079	1.19697E-4
0.666	20.57561	1.1982E-4
0.667	20.56043	1.19943E-4
0.668	20.54525	1.20067E-4
0.669	20.53007	1.2019E-4
0.67	20.5149	1.20313E-4
0.671	20.49116	1.20436E-4
0.672	20.45786	1.2056E-4
0.673	20.42456	1.20683E-4
0.674	20.39126	1.20806E-4
0.675	20.35796	1.20929E-4
0.676	20.32466	1.21053E-4
0.677	20.29136	1.21176E-4
0.678	20.25805	1.21299E-4
0.679	20.22475	1.21422E-4
0.68	20.19145	1.21546E-4
0.681	20.16323	1.21669E-4
0.682	20.13659	1.21792E-4
0.683	20.10995	1.21916E-4
0.684	20.0833	1.22039E-4
0.685	20.05666	1.22162E-4
0.686	20.03002	1.22285E-4
0.687	20.00338	1.22409E-4
0.688	19.97674	1.22532E-4
0.689	19.9501	1.22655E-4
0.69	19.92346	1.22778E-4
0.691	19.89682	1.22902E-4
0.692	19.87018	1.23025E-4
0.693	19.85093	1.23148E-4
0.694	19.85093	1.23292E-4
0.695	19.85093	1.23438E-4
0.696	19.85093	1.23584E-4
0.697	19.85093	1.2373E-4
0.698	19.85093	1.23875E-4
0.699	19.85093	1.24021E-4
0.7	19.85093	1.24167E-4
0.701	19.85093	1.24312E-4
0.702	19.82497	1.24458E-4
0.703	19.79777	1.24604E-4
0.704	19.77058	1.2475E-4
0.705	19.74338	1.24895E-4
0.706	19.71618	1.25041E-4
0.707	19.68899	1.25187E-4
0.708	19.66179	1.25332E-4
0.709	19.65344	1.25478E-4
0.71	19.6492	1.25624E-4
0.711	19.64497	1.25769E-4
0.712	19.64073	1.25915E-4
0.713	19.63649	1.26061E-4
0.714	19.63225	1.26207E-4
0.715	19.62801	1.26352E-4
0.716	19.62377	1.26498E-4
0.717	19.61954	1.26644E-4
0.718	19.6153	1.26789E-4
0.719	19.61106	1.26935E-4
0.72	19.60682	1.27081E-4
0.721	19.60258	1.27227E-4
0.722	19.59834	1.27372E-4
0.723	19.59411	1.27518E-4
0.724	19.57293	1.27664E-4
0.725	19.53858	1.27809E-4
0.726	19.50423	1.27955E-4
0.727	19.46988	1.28101E-4
0.728	19.43552	1.28246E-4
0.729	19.40117	1.28392E-4
0.73	19.36682	1.28538E-4
0.731	19.33247	1.28684E-4
0.732	19.29811	1.28829E-4
0.733	19.26376	1.28975E-4
0.734	19.22941	1.29121E-4
0.735	19.20215	1.29269E-4
0.736	19.19438	1.29416E-4
0.737	19.18661	1.29564E-4
0.738	19.17884	1.29712E-4
0.739	19.17107	1.2986E-4
0.74	19.1633	1.30008E-4
0.741	19.15553	1.30156E-4
0.742	19.14776	1.30303E-4
0.743	19.13999	1.30451E-4
0.744	19.13155	1.30599E-4
0.745	19.12308	1.30747E-4
0.746	19.1146	1.30895E-4
0.747	19.10612	1.31043E-4
0.748	19.09765	1.31191E-4
0.749	19.08917	1.31338E-4
0.75	19.08069	1.31486E-4
0.751	19.07222	1.31634E-4
0.752	19.06374	1.31782E-4
0.753	19.05526	1.3193E-4
0.754	19.04679	1.32078E-4
0.755	19.03831	1.32226E-4
0.756	19.02983	1.32373E-4
0.757	19.02136	1.32521E-4
0.758	19.01288	1.32669E-4
0.759	19.004	1.32817E-4
0.76	18.99493	1.32965E-4
0.761	18.98587	1.33117E-4
0.762	18.9768	1.33269E-4
0.763	18.96774	1.33421E-4
0.764	18.95867	1.33573E-4
0.765	18.94961	1.33725E-4
0.766	18.93983	1.33877E-4
0.767	18.92947	1.34029E-4
0.768	18.91911	1.34181E-4
0.769	18.90875	1.34333E-4
0.77	18.89839	1.34484E-4
0.771	18.88803	1.34636E-4
0.772	18.87767	1.34788E-4
0.773	18.86731	1.3494E-4
0.774	18.85695	1.35092E-4
0.775	18.84659	1.35244E-4
0.776	18.83622	1.35396E-4
0.777	18.82586	1.35548E-4
0.778	18.81542	1.357E-4
0.779	18.80376	1.35852E-4
0.78	18.79211	1.36004E-4
0.781	18.78045	1.36156E-4
0.782	18.7688	1.36308E-4
0.783	18.75714	1.3646E-4
0.784	18.74548	1.36612E-4
0.785	18.73383	1.36763E-4
0.786	18.72217	1.36915E-4
0.787	18.71052	1.37067E-4
0.788	18.69886	1.37219E-4
0.789	18.68721	1.37381E-4
0.79	18.67575	1.37544E-4
0.791	18.6643	1.37707E-4
0.792	18.65285	1.37869E-4
0.793	18.6414	1.38032E-4
0.794	18.62995	1.38195E-4
0.795	18.6185	1.38357E-4
0.796	18.60705	1.3852E-4
0.797	18.59559	1.38683E-4
0.798	18.58414	1.38846E-4
0.799	18.57269	1.39008E-4
0.8	18.56124	1.39171E-4
0.801	18.55752	1.39334E-4
0.802	18.55752	1.39496E-4
0.803	18.55752	1.39659E-4
0.804	18.55752	1.39822E-4
0.805	18.55752	1.39985E-4
0.806	18.55752	1.40147E-4
0.807	18.55752	1.4031E-4
0.808	18.55752	1.40473E-4
0.809	18.55752	1.40635E-4
0.81	18.55752	1.40798E-4
0.811	18.53681	1.40961E-4
0.812	18.51535	1.41123E-4
0.813	18.49389	1.41237E-4
0.814	18.47243	1.41351E-4
0.815	18.45097	1.41465E-4
0.816	18.42951	1.41579E-4
0.817	18.40805	1.41693E-4
0.818	18.38659	1.41807E-4
0.819	18.36513	1.41921E-4
0.82	18.34367	1.42035E-4
0.821	18.32221	1.4215E-4
0.822	18.30075	1.42264E-4
0.823	18.28019	1.42378E-4
0.824	18.26061	1.42492E-4
0.825	18.24103	1.42606E-4
0.826	18.22145	1.4272E-4
0.827	18.20186	1.42834E-4
0.828	18.18228	1.42948E-4
0.829	18.1627	1.43062E-4
0.83	18.14312	1.43176E-4
0.831	18.12354	1.4329E-4
0.832	18.10396	1.43404E-4
0.833	18.09558	1.43518E-4
0.834	18.09558	1.43632E-4
0.835	18.09558	1.43746E-4
0.836	18.09558	1.4386E-4
0.837	18.09558	1.43974E-4
0.838	18.09448	1.44088E-4
0.839	18.04786	1.44202E-4
0.84	18.00124	1.44316E-4
0.841	17.96334	1.4443E-4
0.842	17.95168	1.44545E-4
0.843	17.94002	1.44604E-4
0.844	17.92837	1.44656E-4
0.845	17.91671	1.44707E-4
0.846	17.90506	1.44759E-4
0.847	17.85256	1.4481E-4
0.848	17.78263	1.44862E-4
0.849	17.7127	1.44913E-4
0.85	17.70756	1.44965E-4
0.851	17.70756	1.45016E-4
0.852	17.70756	1.45068E-4
0.853	17.70756	1.45119E-4
0.854	17.70756	1.45171E-4
0.855	17.70756	1.45223E-4
0.856	17.70756	1.45274E-4
0.857	17.70756	1.45326E-4
0.858	17.70756	1.45377E-4
0.859	17.70756	1.45429E-4
0.86	17.70756	1.4548E-4
0.861	17.70756	1.45532E-4
0.862	17.70756	1.45583E-4
0.863	17.70756	1.45635E-4
0.864	17.70756	1.45686E-4
0.865	17.70756	1.45738E-4
0.866	17.70756	1.45789E-4
0.867	17.70756	1.45984E-4
0.868	17.70351	1.46186E-4
0.869	17.69768	1.46388E-4
0.87	17.69185	1.46589E-4
0.871	17.68602	1.46791E-4
0.872	17.6802	1.46993E-4
0.873	17.67437	1.47195E-4
0.874	17.66854	1.47397E-4
0.875	17.66271	1.47598E-4
0.876	17.65688	1.478E-4
0.877	17.65106	1.48002E-4
0.878	17.64523	1.48204E-4
0.879	17.64564	1.48405E-4
0.88	17.65023	1.48607E-4
0.881	17.65483	1.48809E-4
0.882	17.65943	1.49011E-4
0.883	17.66402	1.49213E-4
0.884	17.66862	1.49356E-4
0.885	17.67322	1.49494E-4
0.886	17.67781	1.49632E-4
0.887	17.68241	1.4977E-4
0.888	17.68701	1.49908E-4
0.889	17.6916	1.50047E-4
0.89	17.6962	1.50185E-4
0.891	17.7008	1.50323E-4
0.892	17.70539	1.50461E-4
0.893	17.70756	1.50599E-4
0.894	17.70756	1.50737E-4
0.895	17.70756	1.50875E-4
0.896	17.70756	1.51013E-4
0.897	17.70756	1.51151E-4
0.898	17.70756	1.5129E-4
0.899	17.70756	1.51428E-4
0.9	17.70756	1.51566E-4
0.901	17.70756	1.51704E-4
0.902	17.70756	1.51842E-4
0.903	17.71233	1.5198E-4
0.904	17.71816	1.52118E-4
0.905	17.72398	1.52256E-4
0.906	17.72981	1.52395E-4
0.907	17.73564	1.52533E-4
0.908	17.74147	1.52671E-4
0.909	17.7473	1.52809E-4
0.91	17.75312	1.52947E-4
0.911	17.75895	1.53085E-4
0.912	17.76478	1.53264E-4
0.913	17.77061	1.53457E-4
0.914	17.77223	1.5365E-4
0.915	17.77223	1.53843E-4
0.916	17.77223	1.54036E-4
0.917	17.77223	1.54229E-4
0.918	17.77223	1.54422E-4
0.919	17.77223	1.54615E-4
0.92	17.77223	1.54808E-4
0.921	17.77223	1.55001E-4
0.922	17.77223	1.55194E-4
0.923	17.77223	1.55387E-4
0.924	17.77223	1.5558E-4
0.925	17.77223	1.55776E-4
0.926	17.77223	1.55974E-4
0.927	17.77223	1.56172E-4
0.928	17.77223	1.5637E-4
0.929	17.77223	1.56568E-4
0.93	17.77223	1.56766E-4
0.931	17.77223	1.56964E-4
0.932	17.77223	1.57162E-4
0.933	17.77223	1.5736E-4
0.934	17.77223	1.57558E-4
0.935	17.77223	1.57756E-4
0.936	17.77004	1.57954E-4
0.937	17.76338	1.58152E-4
0.938	17.75672	1.5835E-4
0.939	17.75006	1.58548E-4
0.94	17.7434	1.58702E-4
0.941	17.73674	1.58822E-4
0.942	17.73008	1.58942E-4
0.943	17.72342	1.59062E-4
0.944	17.71676	1.59182E-4
0.945	17.7101	1.59302E-4
0.946	17.70756	1.59422E-4
0.947	17.70756	1.59542E-4
0.948	17.70756	1.59662E-4
0.949	17.70756	1.59782E-4
0.95	17.70756	1.59902E-4
0.951	17.70756	1.60022E-4
0.952	17.70756	1.60142E-4
0.953	17.70756	1.60261E-4
0.954	17.70756	1.60381E-4
0.955	17.70756	1.60501E-4
0.956	17.70756	1.60621E-4
0.957	17.70756	1.60741E-4
0.958	17.70756	1.60861E-4
0.959	17.70756	1.60981E-4
0.96	17.70756	1.61101E-4
0.961	17.70756	1.61221E-4
0.962	17.70756	1.61341E-4
0.963	17.70756	1.61461E-4
0.964	17.70756	1.61581E-4
0.965	17.70756	1.61701E-4
0.966	17.70756	1.61821E-4
0.967	17.70756	1.61941E-4
0.968	17.70756	1.62061E-4
0.969	17.70756	1.62181E-4
0.97	17.70756	1.62301E-4
0.971	17.70756	1.62421E-4
0.972	17.70756	1.62541E-4
0.973	17.70756	1.62661E-4
0.974	17.70756	1.62781E-4
0.975	17.70756	1.62901E-4
0.976	17.70756	1.63021E-4
0.977	17.70756	1.63141E-4
0.978	17.70756	1.63261E-4
0.979	17.70756	1.63381E-4
0.98	17.70756	1.63501E-4
0.981	17.70756	1.63621E-4
0.982	17.70756	1.63741E-4
0.983	17.70756	1.63902E-4
0.984	17.70756	1.6415E-4
0.985	17.70756	1.64398E-4
0.986	17.70756	1.64646E-4
0.987	17.70756	1.64895E-4
0.988	17.70756	1.65143E-4
0.989	17.70756	1.65391E-4
0.99	17.70756	1.65639E-4
0.991	17.7027	1.65887E-4
0.992	17.69687	1.66135E-4
0.993	17.69104	1.66383E-4
0.994	17.68522	1.66631E-4
0.995	17.67939	1.66879E-4
0.996	17.67356	1.67127E-4
0.997	17.66773	1.67375E-4
0.998	17.66191	1.67624E-4
0.999	17.65608	1.67872E-4
1	17.65025	1.6812E-4
1.001	17.64442	1.68368E-4
1.002	17.64289	1.68616E-4
1.003	17.64289	1.68864E-4
1.004	17.64289	1.69112E-4
1.005	17.64289	1.6936E-4
1.006	17.64289	1.69608E-4
1.007	17.64289	1.69856E-4
1.008	17.64289	1.70104E-4
1.009	17.64289	1.70321E-4
1.01	17.64289	1.70498E-4
1.011	17.64289	1.70675E-4
1.012	17.64289	1.70852E-4
1.013	17.64289	1.71029E-4
1.014	17.64289	1.71206E-4
1.015	17.64289	1.71383E-4
1.016	17.64289	1.7156E-4
1.017	17.64289	1.71737E-4
1.018	17.64289	1.71914E-4
1.019	17.64289	1.72091E-4
1.02	17.64289	1.72268E-4
1.021	17.64289	1.72445E-4
1.022	17.64289	1.72622E-4
1.023	17.64289	1.72799E-4
1.024	17.64289	1.72976E-4
1.025	17.64289	1.73153E-4
1.026	17.64289	1.7333E-4
1.027	17.64289	1.73507E-4
1.028	17.64289	1.73684E-4
1.029	17.64289	1.73861E-4
1.03	17.64289	1.74038E-4
1.031	17.64289	1.7425E-4
1.032	17.64289	1.7447E-4
1.033	17.64289	1.74691E-4
1.034	17.64289	1.74911E-4
1.035	17.64289	1.75132E-4
1.036	17.64289	1.75352E-4
1.037	17.64289	1.75572E-4
1.038	17.64289	1.75793E-4
1.039	17.64289	1.76013E-4
1.04	17.64289	1.76234E-4
1.041	17.64289	1.76454E-4
1.042	17.64289	1.76674E-4
1.043	17.64289	1.76895E-4
1.044	17.64289	1.77115E-4
1.045	17.64289	1.77335E-4
1.046	17.64289	1.77556E-4
1.047	17.64289	1.77776E-4
1.048	17.64289	1.77963E-4
1.049	17.64289	1.78108E-4
1.05	17.64289	1.78254E-4
1.051	17.64289	1.784E-4
1.052	17.64524	1.78546E-4
1.053	17.65107	1.78691E-4
1.054	17.65689	1.78837E-4
1.055	17.66272	1.78983E-4
1.056	17.66855	1.79129E-4
1.057	17.67438	1.79274E-4
1.058	17.6802	1.7942E-4
1.059	17.68603	1.79566E-4
1.06	17.69186	1.79711E-4
1.061	17.69769	1.79857E-4
1.062	17.70351	1.80003E-4
1.063	17.70756	1.80149E-4
1.064	17.70756	1.80294E-4
1.065	17.70756	1.8044E-4
1.066	17.70756	1.80586E-4
1.067	17.70756	1.80732E-4
1.068	17.70756	1.80877E-4
1.069	17.70756	1.81023E-4
1.07	17.70756	1.81169E-4
1.071	17.70756	1.81314E-4
1.072	17.70756	1.81475E-4
1.073	17.70756	1.81639E-4
1.074	17.71073	1.81802E-4
1.075	17.72591	1.81965E-4
1.076	17.74109	1.82129E-4
1.077	17.75627	1.82292E-4
1.078	17.77144	1.82455E-4
1.079	17.78662	1.82619E-4
1.08	17.8018	1.82782E-4
1.081	17.81698	1.82945E-4
1.082	17.83216	1.83109E-4
1.083	17.82774	1.83272E-4
1.084	17.81442	1.83435E-4
1.085	17.8011	1.83579E-4
1.086	17.78778	1.83717E-4
1.087	17.77446	1.83855E-4
1.088	17.76114	1.83993E-4
1.089	17.74782	1.84131E-4
1.09	17.7345	1.84269E-4
1.091	17.72118	1.84407E-4
1.092	17.70785	1.84545E-4
1.093	17.70186	1.84683E-4
1.094	17.69603	1.84821E-4
1.095	17.69021	1.84959E-4
1.096	17.68438	1.85097E-4
1.097	17.67855	1.85235E-4
1.098	17.67272	1.85373E-4
1.099	17.66689	1.85511E-4
1.1	17.66107	1.85649E-4
1.101	17.65524	1.85787E-4
1.102	17.64941	1.85925E-4
1.103	17.64358	1.86063E-4
1.104	17.62952	1.86201E-4
1.105	17.61434	1.86339E-4
1.106	17.59916	1.86476E-4
1.107	17.58398	1.86609E-4
1.108	17.5688	1.86742E-4
1.109	17.55363	1.86875E-4
1.11	17.53845	1.87007E-4
1.111	17.52327	1.8714E-4
1.112	17.51355	1.87273E-4
1.113	17.51355	1.87406E-4
1.114	17.51355	1.87539E-4
1.115	17.51355	1.87672E-4
1.116	17.51355	1.87804E-4
1.117	17.51355	1.87937E-4
1.118	17.51355	1.8807E-4
1.119	17.51135	1.88203E-4
1.12	17.50617	1.88336E-4
1.121	17.50099	1.88468E-4
1.122	17.49581	1.88601E-4
1.123	17.49063	1.88734E-4
1.124	17.48545	1.88867E-4
1.125	17.48027	1.89E-4
1.126	17.47509	1.89133E-4
1.127	17.46991	1.89265E-4
1.128	17.46473	1.89398E-4
1.129	17.45955	1.89531E-4
1.13	17.45437	1.89664E-4
1.131	17.44919	1.89797E-4
1.132	17.43135	1.89921E-4
1.133	17.41271	1.90021E-4
1.134	17.39406	1.90122E-4
1.135	17.37541	1.90222E-4
1.136	17.35676	1.90322E-4
1.137	17.33811	1.90422E-4
1.138	17.31951	1.90523E-4
1.139	17.31298	1.90623E-4
1.14	17.30646	1.90723E-4
1.141	17.29993	1.90823E-4
1.142	17.2934	1.90923E-4
1.143	17.28687	1.91024E-4
1.144	17.28035	1.91124E-4
1.145	17.27382	1.91224E-4
1.146	17.26729	1.91324E-4
1.147	17.26077	1.91425E-4
1.148	17.25319	1.91525E-4
1.149	17.23571	1.91625E-4
1.15	17.21823	1.91725E-4
1.151	17.20074	1.91826E-4
1.152	17.18326	1.91926E-4
1.153	17.16578	1.92026E-4
1.154	17.14829	1.92126E-4
1.155	17.13081	1.92227E-4
1.156	17.11333	1.92327E-4
1.157	17.09584	1.92427E-4
1.158	17.07836	1.92532E-4
1.159	17.06088	1.92646E-4
1.16	17.05154	1.92761E-4
1.161	17.04222	1.92875E-4
1.162	17.03289	1.92989E-4
1.163	17.02357	1.93103E-4
1.164	17.01424	1.93217E-4
1.165	17.00492	1.93331E-4
1.166	16.9956	1.93445E-4
1.167	16.98627	1.93559E-4
1.168	16.97695	1.93673E-4
1.169	16.96762	1.93787E-4
1.17	16.9583	1.93901E-4
1.171	16.94897	1.94015E-4
1.172	16.93965	1.94129E-4
1.173	16.92747	1.94243E-4
1.174	16.89569	1.94357E-4
1.175	16.8639	1.94471E-4
1.176	16.83211	1.94585E-4
1.177	16.80032	1.94699E-4
1.178	16.79804	1.94813E-4
1.179	16.8047	1.94927E-4
1.18	16.81136	1.95041E-4
1.181	16.81802	1.95156E-4
1.182	16.82468	1.9527E-4
1.183	16.83134	1.95384E-4
1.184	16.838	1.95498E-4
1.185	16.84466	1.95612E-4
1.186	16.85132	1.95726E-4
1.187	16.8573	1.9584E-4
1.188	16.85212	1.95954E-4
1.189	16.84694	1.96069E-4
1.19	16.84176	1.96185E-4
1.191	16.83658	1.963E-4
1.192	16.8314	1.96415E-4
1.193	16.82622	1.96531E-4
1.194	16.82104	1.96646E-4
1.195	16.81586	1.96761E-4
1.196	16.81068	1.96876E-4
1.197	16.8055	1.96992E-4
1.198	16.80032	1.97107E-4
1.199	16.79514	1.97222E-4
1.2	16.78637	1.97337E-4
1.201	16.77492	1.97453E-4
1.202	16.76347	1.97568E-4
1.203	16.75201	1.97683E-4
1.204	16.74056	1.97799E-4
1.205	16.72911	1.97914E-4
1.206	16.71766	1.98029E-4
1.207	16.70621	1.98144E-4
1.208	16.69476	1.9826E-4
1.209	16.68331	1.98375E-4
1.21	16.67186	1.9849E-4
1.211	16.66174	1.98605E-4
1.212	16.65508	1.98721E-4
1.213	16.64842	1.98836E-4
1.214	16.64176	1.98948E-4
1.215	16.6351	1.99054E-4
1.216	16.62844	1.9916E-4
1.217	16.62178	1.99266E-4
1.218	16.61512	1.99372E-4
1.219	16.60846	1.99477E-4
1.22	16.6018	1.99583E-4
1.221	16.58899	1.99689E-4
1.222	16.57151	1.99795E-4
1.223	16.55403	1.99901E-4
1.224	16.53654	2.00007E-4
1.225	16.51906	2.00113E-4
1.226	16.50158	2.00219E-4
1.227	16.48409	2.00325E-4
1.228	16.46661	2.0043E-4
1.229	16.44913	2.00536E-4
1.23	16.43164	2.00642E-4
1.231	16.41416	2.00748E-4
1.232	16.40011	2.00854E-4
1.233	16.38991	2.0096E-4
1.234	16.37971	2.01066E-4
1.235	16.36951	2.01172E-4
1.236	16.35931	2.01278E-4
1.237	16.34911	2.01383E-4
1.238	16.33891	2.01489E-4
1.239	16.32872	2.01595E-4
1.24	16.31852	2.01701E-4
1.241	16.30832	2.01807E-4
1.242	16.29812	2.01907E-4
1.243	16.28792	2.01982E-4
1.244	16.27772	2.02057E-4
1.245	16.25107	2.02132E-4
1.246	16.21999	2.02206E-4
1.247	16.18891	2.02281E-4
1.248	16.15783	2.02356E-4
1.249	16.13527	2.0243E-4
1.25	16.11778	2.02505E-4
1.251	16.1003	2.0258E-4
1.252	16.08282	2.02654E-4
1.253	16.06533	2.02729E-4
1.254	16.04785	2.02804E-4
1.255	16.03037	2.02879E-4
1.256	16.01288	2.02953E-4
1.257	15.9954	2.03028E-4
1.258	15.97792	2.03103E-4
1.259	15.96044	2.03177E-4
1.26	15.94918	2.03264E-4
1.261	15.94345	2.03354E-4
1.262	15.93773	2.03443E-4
1.263	15.932	2.03533E-4
1.264	15.92628	2.03622E-4
1.265	15.92055	2.03712E-4
1.266	15.91482	2.03801E-4
1.267	15.9091	2.03891E-4
1.268	15.90337	2.0398E-4
1.269	15.89765	2.0407E-4
1.27	15.89192	2.04159E-4
1.271	15.88617	2.04249E-4
1.272	15.88035	2.04338E-4
1.273	15.87452	2.04428E-4
1.274	15.86869	2.04517E-4
1.275	15.86286	2.04607E-4
1.276	15.85703	2.04696E-4
1.277	15.85121	2.04786E-4
1.278	15.84538	2.04875E-4
1.279	15.83955	2.04965E-4
1.28	15.83372	2.05054E-4
1.281	15.8279	2.05143E-4
1.282	15.81814	2.05233E-4
1.283	15.78363	2.05322E-4
1.284	15.74912	2.05364E-4
1.285	15.71461	2.054E-4
1.286	15.68009	2.05436E-4
1.287	15.64558	2.05472E-4
1.288	15.61107	2.05508E-4
1.289	15.57656	2.05544E-4
1.29	15.54205	2.0558E-4
1.291	15.50753	2.05616E-4
1.292	15.47302	2.05652E-4
1.293	15.43851	2.05688E-4
1.294	15.404	2.05725E-4
1.295	15.36949	2.05772E-4
1.296	15.33497	2.05819E-4
1.297	15.30046	2.05866E-4
1.298	15.26043	2.05913E-4
1.299	15.21964	2.0596E-4
1.3	15.17884	2.06007E-4
1.301	15.13805	2.06054E-4
1.302	15.09726	2.06101E-4
1.303	15.05646	2.06148E-4
1.304	15.01567	2.06195E-4
1.305	14.97488	2.06242E-4
1.306	14.93408	2.06289E-4
1.307	14.89329	2.06336E-4
1.308	14.85249	2.06383E-4
1.309	14.8117	2.0643E-4
1.31	14.77737	2.06477E-4
1.311	14.7696	2.06523E-4
1.312	14.76183	2.0657E-4
1.313	14.75406	2.06617E-4
1.314	14.74629	2.06644E-4
1.315	14.73852	2.06664E-4
1.316	14.73075	2.06684E-4
1.317	14.72298	2.06705E-4
1.318	14.71521	2.06725E-4
1.319	14.69794	2.06745E-4
1.32	14.6793	2.06765E-4
1.321	14.66065	2.06785E-4
1.322	14.642	2.06805E-4
1.323	14.62335	2.06825E-4
1.324	14.6047	2.06845E-4
1.325	14.58605	2.06866E-4
1.326	14.57639	2.06886E-4
1.327	14.56732	2.06906E-4
1.328	14.55826	2.06926E-4
1.329	14.54919	2.06946E-4
1.33	14.54013	2.06966E-4
1.331	14.53106	2.06986E-4
1.332	14.52199	2.07007E-4
1.333	14.51397	2.07045E-4
1.334	14.5062	2.0711E-4
1.335	14.49843	2.07174E-4
1.336	14.49066	2.07239E-4
1.337	14.48289	2.07303E-4
1.338	14.47512	2.07367E-4
1.339	14.46735	2.07432E-4
1.34	14.45958	2.07496E-4
1.341	14.44943	2.0756E-4
1.342	14.43672	2.07625E-4
1.343	14.424	2.07689E-4
1.344	14.41129	2.07753E-4
1.345	14.39857	2.07818E-4
1.346	14.38586	2.07901E-4
1.347	14.37314	2.08024E-4
1.348	14.36043	2.08147E-4
1.349	14.34771	2.08271E-4
1.35	14.335	2.08394E-4
1.351	14.32228	2.08517E-4
1.352	14.30957	2.0864E-4
1.353	14.29685	2.08764E-4
1.354	14.28414	2.08887E-4
1.355	14.27142	2.0901E-4
1.356	14.26957	2.09133E-4
1.357	14.30583	2.09257E-4
1.358	14.34209	2.0938E-4
1.359	14.37836	2.09503E-4
1.36	14.41462	2.09627E-4
1.361	14.45088	2.0975E-4
1.362	14.48714	2.09873E-4
1.363	14.51714	2.09996E-4
1.364	14.48217	2.10166E-4
1.365	14.4472	2.10339E-4
1.366	14.41224	2.10511E-4
1.367	14.37727	2.10683E-4
1.368	14.34231	2.10855E-4
1.369	14.30734	2.11027E-4
1.37	14.27237	2.11199E-4
1.371	14.23741	2.11371E-4
1.372	14.20244	2.11544E-4
1.373	14.16748	2.11716E-4
1.374	14.13251	2.11888E-4
1.375	14.114	2.1206E-4
1.376	14.09565	2.12232E-4
1.377	14.07729	2.12404E-4
1.378	14.05894	2.12576E-4
1.379	14.04058	2.12596E-4
1.38	14.02223	2.12596E-4
1.381	14.00387	2.12596E-4
1.382	13.98552	2.12596E-4
1.383	13.96716	2.12596E-4
1.384	13.94881	2.12596E-4
1.385	13.93045	2.12596E-4
1.386	13.9121	2.12596E-4
1.387	13.89374	2.12596E-4
1.388	13.87539	2.12596E-4
1.389	13.85703	2.12596E-4
1.39	13.83868	2.12596E-4
1.391	13.82032	2.12596E-4
1.392	13.80197	2.12596E-4
1.393	13.78361	2.12596E-4
1.394	13.76526	2.12541E-4
1.395	13.7469	2.12474E-4
1.396	13.72855	2.12407E-4
1.397	13.71019	2.1234E-4
1.398	13.69184	2.12273E-4
1.399	13.67348	2.12206E-4
1.4	13.65513	2.12138E-4
1.401	13.63677	2.12071E-4
1.402	13.61842	2.12004E-4
1.403	13.60006	2.11937E-4
1.404	13.58171	2.1187E-4
1.405	13.56335	2.11803E-4
1.406	13.545	2.11736E-4
1.407	13.52664	2.11669E-4
1.408	13.50829	2.11602E-4
1.409	13.48993	2.11534E-4
1.41	13.47158	2.11467E-4
1.411	13.45322	2.114E-4
1.412	13.43487	2.11333E-4
1.413	13.41651	2.11264E-4
1.414	13.39816	2.11194E-4
1.415	13.3798	2.11123E-4
1.416	13.36145	2.11053E-4
1.417	13.34309	2.10982E-4
1.418	13.32474	2.10912E-4
1.419	13.30638	2.10841E-4
1.42	13.28803	2.10771E-4
1.421	13.26967	2.107E-4
1.422	13.25132	2.1063E-4
1.423	13.23297	2.10559E-4
1.424	13.21461	2.10489E-4
1.425	13.19626	2.10418E-4
1.426	13.1779	2.10348E-4
1.427	13.15955	2.10277E-4
1.428	13.14119	2.10207E-4
1.429	13.12284	2.10136E-4
1.43	13.10448	2.10066E-4
1.431	13.08613	2.09995E-4
1.432	13.06777	2.09925E-4
1.433	13.04942	2.09854E-4
1.434	13.03106	2.09784E-4
1.435	13.01271	2.09713E-4
1.436	12.99435	2.09643E-4
1.437	12.976	2.09583E-4
1.438	12.95764	2.0953E-4
1.439	12.93929	2.09478E-4
1.44	12.92093	2.09426E-4
1.441	12.90258	2.09373E-4
1.442	12.88422	2.09321E-4
1.443	12.86587	2.09269E-4
1.444	12.84751	2.09216E-4
1.445	12.82916	2.09164E-4
1.446	12.8108	2.09112E-4
1.447	12.79245	2.0906E-4
1.448	12.77409	2.09007E-4
1.449	12.75574	2.08955E-4
1.45	12.73738	2.08903E-4
1.451	12.71903	2.0885E-4
1.452	12.70067	2.08798E-4
1.453	12.68232	2.08746E-4
1.454	12.66396	2.08688E-4
1.455	12.64561	2.0861E-4
1.456	12.62725	2.08532E-4
1.457	12.6089	2.08454E-4
1.458	12.59054	2.08376E-4
1.459	12.57219	2.08298E-4
1.46	12.55383	2.0822E-4
1.461	12.53548	2.08142E-4
1.462	12.51712	2.08064E-4
1.463	12.49877	2.07986E-4
1.464	12.48041	2.07908E-4
1.465	12.46206	2.0783E-4
1.466	12.4437	2.07752E-4
1.467	12.42535	2.07674E-4
1.468	12.40699	2.07596E-4
1.469	12.38864	2.07518E-4
1.47	12.37028	2.0744E-4
1.471	12.35193	2.07362E-4
1.472	12.33357	2.07284E-4
1.473	12.31522	2.07206E-4
1.474	12.29686	2.07128E-4
1.475	12.27851	2.0705E-4
1.476	12.26015	2.07005E-4
1.477	12.2418	2.06982E-4
1.478	12.22344	2.06959E-4
1.479	12.20509	2.06936E-4
1.48	12.18673	2.06913E-4
1.481	12.16838	2.06891E-4
1.482	12.15003	2.06868E-4
1.483	12.13167	2.06845E-4
1.484	12.11332	2.06822E-4
1.485	12.09496	2.06799E-4
1.486	12.07661	2.06776E-4
1.487	12.05825	2.06753E-4
1.488	12.0399	2.06731E-4
1.489	12.02154	2.06708E-4
1.49	12.00319	2.06685E-4
1.491	11.98483	2.06662E-4
1.492	11.96648	2.06639E-4
1.493	11.94812	2.06608E-4
1.494	11.92977	2.0657E-4
1.495	11.91141	2.06532E-4
1.496	11.89306	2.06494E-4
1.497	11.8747	2.06456E-4
1.498	11.85635	2.06418E-4
1.499	11.83799	2.0638E-4
1.5	11.81964	2.06342E-4