0.45	8.0639	2.99893E-5
0.451	8.0613	3.00033E-5
0.452	8.05869	3.00174E-5
0.453	8.05609	3.00315E-5
0.454	8.05348	3.00456E-5
0.455	8.05088	3.00597E-5
0.456	8.04827	3.00737E-5
0.457	8.04567	3.00878E-5
0.458	8.04306	3.01019E-5
0.459	8.04046	3.01427E-5
0.46	8.03785	3.0243E-5
0.461	8.03525	3.03434E-5
0.462	8.03264	3.04437E-5
0.463	8.03004	3.05441E-5
0.464	8.02743	3.06445E-5
0.465	8.02483	3.07448E-5
0.466	8.02223	3.08452E-5
0.467	8.01962	3.09455E-5
0.468	8.01702	3.10459E-5
0.469	8.01441	3.11462E-5
0.47	8.01181	3.12466E-5
0.471	8.0092	3.13469E-5
0.472	8.0066	3.14473E-5
0.473	8.00399	3.15476E-5
0.474	8.00139	3.1648E-5
0.475	7.99878	3.17483E-5
0.476	7.99618	3.18487E-5
0.477	7.99336	3.19365E-5
0.478	7.9899	3.19858E-5
0.479	7.98644	3.20351E-5
0.48	7.98298	3.20844E-5
0.481	7.97952	3.21337E-5
0.482	7.97606	3.21829E-5
0.483	7.9726	3.22322E-5
0.484	7.96914	3.22815E-5
0.485	7.96568	3.23308E-5
0.486	7.96222	3.23801E-5
0.487	7.95876	3.24294E-5
0.488	7.9553	3.24786E-5
0.489	7.95185	3.25279E-5
0.49	7.94839	3.25772E-5
0.491	7.94493	3.26265E-5
0.492	7.94147	3.26758E-5
0.493	7.93801	3.2725E-5
0.494	7.93455	3.27743E-5
0.495	7.93109	3.28236E-5
0.496	7.92747	3.28729E-5
0.497	7.92378	3.29222E-5
0.498	7.92008	3.29714E-5
0.499	7.91639	3.30207E-5
0.5	7.91269	3.307E-5
0.501	7.909	3.31193E-5
0.502	7.9053	3.31686E-5
0.503	7.90161	3.32178E-5
0.504	7.89791	3.32671E-5
0.505	7.89422	3.33076E-5
0.506	7.89052	3.33434E-5
0.507	7.88683	3.33793E-5
0.508	7.88313	3.34151E-5
0.509	7.87944	3.3451E-5
0.51	7.87574	3.34868E-5
0.511	7.87205	3.35226E-5
0.512	7.86835	3.35585E-5
0.513	7.86413	3.35943E-5
0.514	7.85853	3.36302E-5
0.515	7.85294	3.3666E-5
0.516	7.84735	3.37018E-5
0.517	7.84176	3.37377E-5
0.518	7.83617	3.37735E-5
0.519	7.83058	3.38094E-5
0.52	7.82499	3.38452E-5
0.521	7.81939	3.3881E-5
0.522	7.8138	3.39169E-5
0.523	7.80821	3.39527E-5
0.524	7.80262	3.39886E-5
0.525	7.79703	3.40244E-5
0.526	7.79144	3.40602E-5
0.527	7.78585	3.40961E-5
0.528	7.78025	3.41319E-5
0.529	7.77466	3.41678E-5
0.53	7.76907	3.42285E-5
0.531	7.76348	3.43324E-5
0.532	7.75789	3.44364E-5
0.533	7.7523	3.45404E-5
0.534	7.74671	3.46444E-5
0.535	7.74633	3.47483E-5
0.536	7.74633	3.48523E-5
0.537	7.74633	3.49563E-5
0.538	7.74633	3.50603E-5
0.539	7.74633	3.51642E-5
0.54	7.74633	3.52682E-5
0.541	7.74633	3.53722E-5
0.542	7.74633	3.54762E-5
0.543	7.74633	3.55802E-5
0.544	7.74633	3.56841E-5
0.545	7.74633	3.57881E-5
0.546	7.74633	3.58921E-5
0.547	7.74633	3.59961E-5
0.548	7.74633	3.61E-5
0.549	7.74633	3.6204E-5
0.55	7.74633	3.6308E-5
0.551	7.74633	3.6412E-5
0.552	7.74633	3.65159E-5
0.553	7.74548	3.66199E-5
0.554	7.74307	3.67239E-5
0.555	7.74067	3.68279E-5
0.556	7.73826	3.69319E-5
0.557	7.73585	3.70358E-5
0.558	7.73344	3.71398E-5
0.559	7.73103	3.72438E-5
0.56	7.72862	3.73264E-5
0.561	7.72621	3.73856E-5
0.562	7.72381	3.74447E-5
0.563	7.7214	3.75038E-5
0.564	7.71899	3.7563E-5
0.565	7.71658	3.76221E-5
0.566	7.71417	3.76813E-5
0.567	7.71176	3.77404E-5
0.568	7.70935	3.77995E-5
0.569	7.70695	3.78587E-5
0.57	7.70454	3.79178E-5
0.571	7.70213	3.79769E-5
0.572	7.69972	3.80361E-5
0.573	7.69731	3.80952E-5
0.574	7.6949	3.81543E-5
0.575	7.69249	3.82135E-5
0.576	7.69009	3.82726E-5
0.577	7.68768	3.83318E-5
0.578	7.68527	3.83909E-5
0.579	7.68286	3.845E-5
0.58	7.68026	3.85092E-5
0.581	7.67758	3.85683E-5
0.582	7.67489	3.86274E-5
0.583	7.6722	3.86707E-5
0.584	7.66952	3.8697E-5
0.585	7.66683	3.87232E-5
0.586	7.66414	3.87495E-5
0.587	7.66145	3.87758E-5
0.588	7.65877	3.88021E-5
0.589	7.65608	3.88284E-5
0.59	7.65339	3.88546E-5
0.591	7.65071	3.88809E-5
0.592	7.64802	3.89072E-5
0.593	7.64533	3.89335E-5
0.594	7.64264	3.89598E-5
0.595	7.63996	3.89861E-5
0.596	7.63727	3.90123E-5
0.597	7.63458	3.90386E-5
0.598	7.63189	3.90649E-5
0.599	7.62921	3.90912E-5
0.6	7.62652	3.91175E-5
0.601	7.62383	3.91438E-5
0.602	7.62115	3.917E-5
0.603	7.61846	3.91963E-5
0.604	7.61779	3.92226E-5
0.605	7.61779	3.92489E-5
0.606	7.61779	3.92752E-5
0.607	7.61779	3.93015E-5
0.608	7.61779	3.93277E-5
0.609	7.61779	3.9354E-5
0.61	7.61779	3.93803E-5
0.611	7.61779	3.94066E-5
0.612	7.61779	3.94329E-5
0.613	7.61779	3.94592E-5
0.614	7.61779	3.94854E-5
0.615	7.61779	3.95117E-5
0.616	7.61779	3.9538E-5
0.617	7.61779	3.95643E-5
0.618	7.61779	3.96135E-5
0.619	7.61779	3.96628E-5
0.62	7.61779	3.97121E-5
0.621	7.61779	3.97613E-5
0.622	7.61779	3.98106E-5
0.623	7.61779	3.98599E-5
0.624	7.61779	3.99092E-5
0.625	7.61779	3.99585E-5
0.626	7.61779	4.00078E-5
0.627	7.61779	4.0057E-5
0.628	7.61779	4.01063E-5
0.629	7.61779	4.01556E-5
0.63	7.61779	4.02049E-5
0.631	7.61779	4.02542E-5
0.632	7.61779	4.03034E-5
0.633	7.61779	4.03527E-5
0.634	7.61779	4.0402E-5
0.635	7.61779	4.04513E-5
0.636	7.61779	4.05006E-5
0.637	7.61779	4.05498E-5
0.638	7.61779	4.05991E-5
0.639	7.61779	4.06484E-5
0.64	7.61779	4.06977E-5
0.641	7.61779	4.0747E-5
0.642	7.61779	4.07962E-5
0.643	7.61779	4.08455E-5
0.644	7.61779	4.08948E-5
0.645	7.61779	4.09472E-5
0.646	7.61779	4.10041E-5
0.647	7.61779	4.1061E-5
0.648	7.61779	4.11179E-5
0.649	7.61779	4.11748E-5
0.65	7.61779	4.12317E-5
0.651	7.61779	4.12886E-5
0.652	7.61779	4.13455E-5
0.653	7.61779	4.14024E-5
0.654	7.61779	4.14593E-5
0.655	7.61779	4.15162E-5
0.656	7.61779	4.15731E-5
0.657	7.61779	4.163E-5
0.658	7.61779	4.16869E-5
0.659	7.61779	4.17438E-5
0.66	7.61779	4.18007E-5
0.661	7.61627	4.18576E-5
0.662	7.61385	4.19145E-5
0.663	7.61142	4.19714E-5
0.664	7.609	4.20283E-5
0.665	7.60658	4.20852E-5
0.666	7.60415	4.21421E-5
0.667	7.60173	4.2199E-5
0.668	7.59931	4.22559E-5
0.669	7.59688	4.23128E-5
0.67	7.59446	4.23697E-5
0.671	7.59203	4.24266E-5
0.672	7.58961	4.24835E-5
0.673	7.58719	4.25404E-5
0.674	7.58476	4.25973E-5
0.675	7.58234	4.26542E-5
0.676	7.57992	4.27111E-5
0.677	7.57749	4.27969E-5
0.678	7.57507	4.29064E-5
0.679	7.57265	4.30159E-5
0.68	7.57022	4.31254E-5
0.681	7.5678	4.32349E-5
0.682	7.56538	4.33444E-5
0.683	7.56295	4.34539E-5
0.684	7.55759	4.35634E-5
0.685	7.55188	4.3673E-5
0.686	7.54618	4.37825E-5
0.687	7.54048	4.3892E-5
0.688	7.53477	4.40015E-5
0.689	7.52907	4.4111E-5
0.69	7.52336	4.42205E-5
0.691	7.51766	4.433E-5
0.692	7.51195	4.44395E-5
0.693	7.50625	4.45491E-5
0.694	7.50054	4.46586E-5
0.695	7.49484	4.47681E-5
0.696	7.48913	4.48776E-5
0.697	7.48343	4.49871E-5
0.698	7.47773	4.50336E-5
0.699	7.47202	4.50694E-5
0.7	7.46632	4.51053E-5
0.701	7.46061	4.51411E-5
0.702	7.45491	4.5177E-5
0.703	7.4492	4.52128E-5
0.704	7.4435	4.52486E-5
0.705	7.43779	4.52845E-5
0.706	7.43486	4.53203E-5
0.707	7.43679	4.53562E-5
0.708	7.43873	4.5392E-5
0.709	7.44066	4.54278E-5
0.71	7.4426	4.54637E-5
0.711	7.44454	4.54995E-5
0.712	7.44647	4.55354E-5
0.713	7.44841	4.55712E-5
0.714	7.45034	4.5607E-5
0.715	7.45228	4.56429E-5
0.716	7.45421	4.56787E-5
0.717	7.45615	4.57146E-5
0.718	7.45808	4.57504E-5
0.719	7.46002	4.57862E-5
0.72	7.46196	4.58221E-5
0.721	7.46389	4.58579E-5
0.722	7.46583	4.58938E-5
0.723	7.46776	4.59465E-5
0.724	7.4697	4.60122E-5
0.725	7.47163	4.60779E-5
0.726	7.47357	4.61436E-5
0.727	7.4755	4.62093E-5
0.728	7.47744	4.6275E-5
0.729	7.47937	4.63407E-5
0.73	7.48131	4.64064E-5
0.731	7.48325	4.64721E-5
0.732	7.48518	4.65378E-5
0.733	7.48712	4.66036E-5
0.734	7.48905	4.66693E-5
0.735	7.49099	4.6735E-5
0.736	7.49292	4.68007E-5
0.737	7.49486	4.68664E-5
0.738	7.49679	4.69321E-5
0.739	7.49843	4.69978E-5
0.74	7.49843	4.70635E-5
0.741	7.49843	4.71292E-5
0.742	7.49843	4.71949E-5
0.743	7.49843	4.72606E-5
0.744	7.49843	4.73263E-5
0.745	7.49843	4.7392E-5
0.746	7.49843	4.74578E-5
0.747	7.49843	4.75235E-5
0.748	7.49843	4.75892E-5
0.749	7.49843	4.76549E-5
0.75	7.49843	4.77206E-5
0.751	7.49843	4.77583E-5
0.752	7.49843	4.77952E-5
0.753	7.49843	4.78322E-5
0.754	7.49843	4.78691E-5
0.755	7.49843	4.79061E-5
0.756	7.49843	4.79431E-5
0.757	7.49843	4.798E-5
0.758	7.49843	4.8017E-5
0.759	7.49843	4.80539E-5
0.76	7.49843	4.80909E-5
0.761	7.49843	4.81279E-5
0.762	7.49843	4.81648E-5
0.763	7.49843	4.82018E-5
0.764	7.49843	4.82388E-5
0.765	7.49843	4.82757E-5
0.766	7.49843	4.83127E-5
0.767	7.49843	4.83496E-5
0.768	7.49843	4.83866E-5
0.769	7.49843	4.84236E-5
0.77	7.49843	4.84605E-5
0.771	7.49843	4.84975E-5
0.772	7.49843	4.85344E-5
0.773	7.49843	4.85714E-5
0.774	7.49843	4.86084E-5
0.775	7.49843	4.86453E-5
0.776	7.49843	4.86823E-5
0.777	7.49843	4.87192E-5
0.778	7.49843	4.87562E-5
0.779	7.49843	4.87932E-5
0.78	7.49843	4.88301E-5
0.781	7.49843	4.88671E-5
0.782	7.49843	4.8904E-5
0.783	7.49843	4.8941E-5
0.784	7.49843	4.8978E-5
0.785	7.49843	4.90149E-5
0.786	7.49843	4.90519E-5
0.787	7.49843	4.90974E-5
0.788	7.49843	4.91795E-5
0.789	7.49843	4.92616E-5
0.79	7.49843	4.93438E-5
0.791	7.49843	4.94259E-5
0.792	7.49843	4.9508E-5
0.793	7.49843	4.95902E-5
0.794	7.49843	4.96723E-5
0.795	7.49843	4.97544E-5
0.796	7.49843	4.98366E-5
0.797	7.49843	4.99187E-5
0.798	7.49843	5.00008E-5
0.799	7.49843	5.0083E-5
0.8	7.49843	5.01651E-5
0.801	7.49843	5.02473E-5
0.802	7.49843	5.03294E-5
0.803	7.49843	5.04115E-5
0.804	7.49843	5.04937E-5
0.805	7.49843	5.05758E-5
0.806	7.49843	5.06579E-5
0.807	7.49843	5.07401E-5
0.808	7.49843	5.08222E-5
0.809	7.49843	5.09043E-5
0.81	7.49843	5.09865E-5
0.811	7.49843	5.10686E-5
0.812	7.49843	5.11507E-5
0.813	7.49843	5.12329E-5
0.814	7.49843	5.1315E-5
0.815	7.49843	5.13934E-5
0.816	7.49843	5.14692E-5
0.817	7.49843	5.1545E-5
0.818	7.49843	5.16208E-5
0.819	7.49843	5.16966E-5
0.82	7.49843	5.17724E-5
0.821	7.49843	5.18483E-5
0.822	7.49609	5.19241E-5
0.823	7.49169	5.19999E-5
0.824	7.4873	5.20757E-5
0.825	7.48291	5.21515E-5
0.826	7.47851	5.22273E-5
0.827	7.47412	5.23032E-5
0.828	7.46972	5.2379E-5
0.829	7.46533	5.24548E-5
0.83	7.46094	5.25306E-5
0.831	7.45654	5.26064E-5
0.832	7.45215	5.26822E-5
0.833	7.44775	5.2758E-5
0.834	7.44336	5.28339E-5
0.835	7.43897	5.29097E-5
0.836	7.43457	5.29855E-5
0.837	7.43416	5.30613E-5
0.838	7.43416	5.31371E-5
0.839	7.43416	5.32129E-5
0.84	7.43416	5.32888E-5
0.841	7.43416	5.33646E-5
0.842	7.43416	5.34404E-5
0.843	7.43416	5.35162E-5
0.844	7.43416	5.3592E-5
0.845	7.43416	5.36423E-5
0.846	7.43416	5.36821E-5
0.847	7.43416	5.37219E-5
0.848	7.43416	5.37617E-5
0.849	7.43416	5.38015E-5
0.85	7.43416	5.38413E-5
0.851	7.43416	5.38811E-5
0.852	7.43416	5.39209E-5
0.853	7.43416	5.39607E-5
0.854	7.43416	5.40005E-5
0.855	7.43416	5.40403E-5
0.856	7.43416	5.40801E-5
0.857	7.43416	5.41199E-5
0.858	7.43416	5.41597E-5
0.859	7.43416	5.41995E-5
0.86	7.43416	5.42393E-5
0.861	7.43416	5.42791E-5
0.862	7.43416	5.43189E-5
0.863	7.43416	5.43587E-5
0.864	7.43416	5.43985E-5
0.865	7.43416	5.44383E-5
0.866	7.43416	5.44782E-5
0.867	7.43416	5.4518E-5
0.868	7.43416	5.45578E-5
0.869	7.43416	5.45976E-5
0.87	7.43416	5.46374E-5
0.871	7.43416	5.46772E-5
0.872	7.43339	5.4717E-5
0.873	7.42741	5.47568E-5
0.874	7.42143	5.47966E-5
0.875	7.41545	5.48364E-5
0.876	7.40947	5.48762E-5
0.877	7.40349	5.4916E-5
0.878	7.39751	5.49558E-5
0.879	7.39153	5.49904E-5
0.88	7.38556	5.50207E-5
0.881	7.37958	5.5051E-5
0.882	7.3736	5.50814E-5
0.883	7.36762	5.51117E-5
0.884	7.36164	5.5142E-5
0.885	7.35566	5.51723E-5
0.886	7.34968	5.52027E-5
0.887	7.3437	5.5233E-5
0.888	7.33772	5.52633E-5
0.889	7.33175	5.52936E-5
0.89	7.32577	5.5324E-5
0.891	7.31979	5.53543E-5
0.892	7.31442	5.53846E-5
0.893	7.31213	5.54149E-5
0.894	7.30984	5.54453E-5
0.895	7.30755	5.54756E-5
0.896	7.30526	5.55059E-5
0.897	7.30297	5.55363E-5
0.898	7.30068	5.55666E-5
0.899	7.29839	5.55969E-5
0.9	7.2961	5.56272E-5
0.901	7.29381	5.56576E-5
0.902	7.29152	5.56879E-5
0.903	7.28923	5.57182E-5
0.904	7.28694	5.57485E-5
0.905	7.28465	5.57789E-5
0.906	7.28236	5.58092E-5
0.907	7.28007	5.58395E-5
0.908	7.27778	5.58698E-5
0.909	7.27549	5.59236E-5
0.91	7.2732	5.59893E-5
0.911	7.27091	5.6055E-5
0.912	7.26862	5.61207E-5
0.913	7.26633	5.61864E-5
0.914	7.26404	5.62521E-5
0.915	7.26175	5.63179E-5
0.916	7.25946	5.63836E-5
0.917	7.25717	5.64493E-5
0.918	7.25488	5.6515E-5
0.919	7.25259	5.65807E-5
0.92	7.25052	5.66464E-5
0.921	7.25052	5.67121E-5
0.922	7.25052	5.67778E-5
0.923	7.25052	5.68435E-5
0.924	7.25052	5.69092E-5
0.925	7.25052	5.69749E-5
0.926	7.25052	5.70406E-5
0.927	7.25052	5.71063E-5
0.928	7.25052	5.71721E-5
0.929	7.25052	5.72378E-5
0.93	7.25052	5.73035E-5
0.931	7.25052	5.73692E-5
0.932	7.25052	5.74349E-5
0.933	7.25052	5.75006E-5
0.934	7.25052	5.75663E-5
0.935	7.25052	5.7632E-5
0.936	7.25052	5.76968E-5
0.937	7.25052	5.77493E-5
0.938	7.25052	5.78019E-5
0.939	7.25052	5.78545E-5
0.94	7.25052	5.7907E-5
0.941	7.25052	5.79596E-5
0.942	7.25052	5.80122E-5
0.943	7.25052	5.80647E-5
0.944	7.25052	5.81173E-5
0.945	7.25052	5.81699E-5
0.946	7.25052	5.82224E-5
0.947	7.25052	5.8275E-5
0.948	7.24943	5.83276E-5
0.949	7.24462	5.83801E-5
0.95	7.2398	5.84327E-5
0.951	7.23498	5.84853E-5
0.952	7.23016	5.85378E-5
0.953	7.22535	5.85904E-5
0.954	7.22053	5.8643E-5
0.955	7.21571	5.86955E-5
0.956	7.2109	5.87481E-5
0.957	7.20608	5.88006E-5
0.958	7.20126	5.88532E-5
0.959	7.19644	5.89058E-5
0.96	7.19163	5.89583E-5
0.961	7.18681	5.90109E-5
0.962	7.18199	5.90635E-5
0.963	7.17717	5.9116E-5
0.964	7.17236	5.91686E-5
0.965	7.16754	5.92212E-5
0.966	7.16272	5.92737E-5
0.967	7.15791	5.93263E-5
0.968	7.15309	5.93789E-5
0.969	7.14827	5.94314E-5
0.97	7.14345	5.9484E-5
0.971	7.13864	5.95373E-5
0.972	7.13382	5.9591E-5
0.973	7.129	5.96448E-5
0.974	7.12419	5.96986E-5
0.975	7.12198	5.97523E-5
0.976	7.12198	5.98061E-5
0.977	7.12198	5.98598E-5
0.978	7.12198	5.99136E-5
0.979	7.12198	5.99674E-5
0.98	7.12198	6.00211E-5
0.981	7.12198	6.00749E-5
0.982	7.12198	6.01286E-5
0.983	7.12198	6.01824E-5
0.984	7.12198	6.02362E-5
0.985	7.12198	6.02899E-5
0.986	7.12198	6.03437E-5
0.987	7.12198	6.03974E-5
0.988	7.12198	6.04512E-5
0.989	7.12198	6.0505E-5
0.99	7.12198	6.05587E-5
0.991	7.12198	6.06125E-5
0.992	7.12198	6.06663E-5
0.993	7.12198	6.072E-5
0.994	7.12198	6.07738E-5
0.995	7.12198	6.08275E-5
0.996	7.12263	6.08813E-5
0.997	7.12429	6.09351E-5
0.998	7.12595	6.09888E-5
0.999	7.12761	6.10426E-5
1	7.12927	6.10963E-5
1.001	7.13093	6.11501E-5
1.002	7.13259	6.12039E-5
1.003	7.13424	6.12576E-5
1.004	7.1359	6.13114E-5
1.005	7.13756	6.13651E-5
1.006	7.13922	6.14189E-5
1.007	7.14088	6.14727E-5
1.008	7.14254	6.15264E-5
1.009	7.1442	6.15802E-5
1.01	7.14586	6.16339E-5
1.011	7.14752	6.16877E-5
1.012	7.14917	6.17415E-5
1.013	7.15083	6.17952E-5
1.014	7.15249	6.1849E-5
1.015	7.15415	6.19027E-5
1.016	7.15581	6.19565E-5
1.017	7.15747	6.20103E-5
1.018	7.15913	6.2064E-5
1.019	7.16079	6.21178E-5
1.02	7.16245	6.21716E-5
1.021	7.16411	6.22253E-5
1.022	7.16576	6.22721E-5
1.023	7.16742	6.23188E-5
1.024	7.16908	6.23656E-5
1.025	7.17074	6.24124E-5
1.026	7.1724	6.24592E-5
1.027	7.17406	6.25059E-5
1.028	7.17572	6.25527E-5
1.029	7.17738	6.25995E-5
1.03	7.17904	6.26463E-5
1.031	7.1807	6.2693E-5
1.032	7.18235	6.27398E-5
1.033	7.18401	6.27866E-5
1.034	7.18567	6.28334E-5
1.035	7.18428	6.28801E-5
1.036	7.18124	6.29269E-5
1.037	7.1782	6.29737E-5
1.038	7.17516	6.30205E-5
1.039	7.17212	6.30672E-5
1.04	7.16908	6.3114E-5
1.041	7.16604	6.31608E-5
1.042	7.163	6.32076E-5
1.043	7.15996	6.32543E-5
1.044	7.15693	6.33011E-5
1.045	7.15389	6.33479E-5
1.046	7.15085	6.33947E-5
1.047	7.14781	6.34414E-5
1.048	7.14477	6.34882E-5
1.049	7.14173	6.3535E-5
1.05	7.13869	6.35818E-5
1.051	7.13565	6.36285E-5
1.052	7.13261	6.36753E-5
1.053	7.12958	6.37221E-5
1.054	7.12654	6.37689E-5
1.055	7.1235	6.38156E-5
1.056	7.11994	6.38624E-5
1.057	7.11586	6.39092E-5
1.058	7.11178	6.3956E-5
1.059	7.1077	6.40027E-5
1.06	7.10362	6.40488E-5
1.061	7.09954	6.40926E-5
1.062	7.09546	6.41364E-5
1.063	7.09138	6.41802E-5
1.064	7.0873	6.4224E-5
1.065	7.08322	6.42678E-5
1.066	7.07914	6.43116E-5
1.067	7.07506	6.43554E-5
1.068	7.07098	6.43992E-5
1.069	7.0669	6.4443E-5
1.07	7.06281	6.44868E-5
1.071	7.05873	6.45306E-5
1.072	7.05465	6.45744E-5
1.073	7.05057	6.46182E-5
1.074	7.04649	6.4662E-5
1.075	7.04241	6.47058E-5
1.076	7.03833	6.47497E-5
1.077	7.03425	6.47935E-5
1.078	7.03017	6.48373E-5
1.079	7.02609	6.48811E-5
1.08	7.02201	6.49249E-5
1.081	7.01793	6.49687E-5
1.082	7.01385	6.50125E-5
1.083	7.00977	6.50563E-5
1.084	7.00569	6.51001E-5
1.085	7.00262	6.51439E-5
1.086	7.00262	6.51877E-5
1.087	7.00262	6.52315E-5
1.088	7.00262	6.52753E-5
1.089	7.00262	6.53191E-5
1.09	7.00262	6.53629E-5
1.091	7.00262	6.54067E-5
1.092	7.00262	6.54505E-5
1.093	7.00262	6.54943E-5
1.094	7.00262	6.55381E-5
1.095	7.00262	6.55819E-5
1.096	7.00262	6.56258E-5
1.097	7.00262	6.56696E-5
1.098	7.00262	6.57134E-5
1.099	7.00262	6.57572E-5
1.1	7.00262	6.5801E-5
1.101	7.00262	6.58448E-5
1.102	7.00262	6.58947E-5
1.103	7.00262	6.59456E-5
1.104	7.00262	6.59964E-5
1.105	7.00262	6.60473E-5
1.106	7.00262	6.60982E-5
1.107	7.00262	6.6149E-5
1.108	7.00262	6.61999E-5
1.109	7.00262	6.62508E-5
1.11	7.00262	6.63016E-5
1.111	7.00262	6.63525E-5
1.112	7.00262	6.64034E-5
1.113	7.00262	6.64543E-5
1.114	7.00262	6.65051E-5
1.115	7.00262	6.6556E-5
1.116	7.00262	6.66069E-5
1.117	7.00262	6.66577E-5
1.118	7.00262	6.67086E-5
1.119	7.00262	6.67595E-5
1.12	7.00262	6.68103E-5
1.121	7.00262	6.68612E-5
1.122	7.00262	6.69121E-5
1.123	7.00262	6.6963E-5
1.124	7.00262	6.70138E-5
1.125	7.00262	6.70647E-5
1.126	7.00262	6.71156E-5
1.127	7.00262	6.71664E-5
1.128	7.00262	6.72173E-5
1.129	7.00262	6.72682E-5
1.13	7.00262	6.73191E-5
1.131	7.00262	6.73699E-5
1.132	7.00262	6.74208E-5
1.133	7.00262	6.74717E-5
1.134	7.00262	6.75225E-5
1.135	7.00262	6.75734E-5
1.136	7.00262	6.76243E-5
1.137	7.00262	6.76751E-5
1.138	7.00262	6.7726E-5
1.139	7.00262	6.77769E-5
1.14	7.00262	6.78278E-5
1.141	7.00262	6.78786E-5
1.142	7.00262	6.79295E-5
1.143	7.00262	6.79804E-5
1.144	7.00262	6.80312E-5
1.145	7.00262	6.80821E-5
1.146	7.00262	6.8133E-5
1.147	7.00262	6.81838E-5
1.148	7.00262	6.82347E-5
1.149	7.00262	6.82856E-5
1.15	7.00262	6.83365E-5
1.151	7.00262	6.83873E-5
1.152	7.00262	6.84382E-5
1.153	7.00262	6.84891E-5
1.154	7.00262	6.85399E-5
1.155	7.00262	6.85908E-5
1.156	7.00262	6.86417E-5
1.157	7.00262	6.86926E-5
1.158	7.00262	6.87434E-5
1.159	7.00262	6.87943E-5
1.16	7.00262	6.88452E-5
1.161	7.00262	6.8896E-5
1.162	7.00262	6.89469E-5
1.163	7.00018	6.89978E-5
1.164	6.99764	6.90486E-5
1.165	6.9951	6.90995E-5
1.166	6.99256	6.91504E-5
1.167	6.99002	6.92013E-5
1.168	6.98748	6.92521E-5
1.169	6.98494	6.9303E-5
1.17	6.9824	6.93539E-5
1.171	6.97986	6.94047E-5
1.172	6.97732	6.94556E-5
1.173	6.97477	6.95097E-5
1.174	6.97223	6.9566E-5
1.175	6.96969	6.96223E-5
1.176	6.96715	6.96787E-5
1.177	6.96461	6.9735E-5
1.178	6.96207	6.97913E-5
1.179	6.95953	6.98476E-5
1.18	6.95699	6.99039E-5
1.181	6.95445	6.99603E-5
1.182	6.95191	7.00166E-5
1.183	6.94937	7.00729E-5
1.184	6.94683	7.01292E-5
1.185	6.94429	7.01855E-5
1.186	6.94175	7.02419E-5
1.187	6.93921	7.02982E-5
1.188	6.93835	7.03545E-5
1.189	6.93835	7.04108E-5
1.19	6.93835	7.04671E-5
1.191	6.93835	7.05235E-5
1.192	6.93835	7.05798E-5
1.193	6.93835	7.06361E-5
1.194	6.93835	7.06924E-5
1.195	6.93835	7.07487E-5
1.196	6.93835	7.08051E-5
1.197	6.93835	7.08614E-5
1.198	6.93835	7.09177E-5
1.199	6.93835	7.0974E-5
1.2	6.93835	7.10304E-5
1.201	6.93835	7.10867E-5
1.202	6.93835	7.1143E-5
1.203	6.93835	7.11993E-5
1.204	6.93835	7.12556E-5
1.205	6.93835	7.1312E-5
1.206	6.93835	7.13683E-5
1.207	6.93835	7.14246E-5
1.208	6.93835	7.14809E-5
1.209	6.93835	7.15372E-5
1.21	6.93835	7.15936E-5
1.211	6.93835	7.16499E-5
1.212	6.93835	7.17062E-5
1.213	6.93835	7.17625E-5
1.214	6.93835	7.18188E-5
1.215	6.93835	7.18752E-5
1.216	6.93835	7.19315E-5
1.217	6.93835	7.19878E-5
1.218	6.93835	7.20441E-5
1.219	6.93835	7.21004E-5
1.22	6.93835	7.21568E-5
1.221	6.93835	7.22161E-5
1.222	6.93835	7.22823E-5
1.223	6.93835	7.23484E-5
1.224	6.93835	7.24146E-5
1.225	6.93835	7.24807E-5
1.226	6.93835	7.25469E-5
1.227	6.93835	7.26131E-5
1.228	6.93835	7.26792E-5
1.229	6.93835	7.27454E-5
1.23	6.93835	7.28115E-5
1.231	6.93835	7.28777E-5
1.232	6.93835	7.29438E-5
1.233	6.93835	7.301E-5
1.234	6.93835	7.30762E-5
1.235	6.93835	7.31423E-5
1.236	6.93835	7.32085E-5
1.237	6.93835	7.32746E-5
1.238	6.93835	7.33408E-5
1.239	6.93835	7.3407E-5
1.24	6.93835	7.34731E-5
1.241	6.93835	7.35393E-5
1.242	6.93835	7.36054E-5
1.243	6.93835	7.36716E-5
1.244	6.93835	7.37377E-5
1.245	6.93835	7.38039E-5
1.246	6.93835	7.38701E-5
1.247	6.93835	7.39362E-5
1.248	6.93835	7.40024E-5
1.249	6.93835	7.40685E-5
1.25	6.93835	7.41347E-5
1.251	6.93835	7.42008E-5
1.252	6.93835	7.4267E-5
1.253	6.93835	7.43332E-5
1.254	6.93835	7.43993E-5
1.255	6.93835	7.44655E-5
1.256	6.93835	7.45316E-5
1.257	6.93835	7.45978E-5
1.258	6.93835	7.46639E-5
1.259	6.93835	7.47301E-5
1.26	6.93835	7.47963E-5
1.261	6.93835	7.48624E-5
1.262	6.93835	7.49286E-5
1.263	6.93835	7.49947E-5
1.264	6.93835	7.50609E-5
1.265	6.93835	7.51271E-5
1.266	6.93835	7.51932E-5
1.267	6.93835	7.52594E-5
1.268	6.93835	7.53255E-5
1.269	6.93835	7.53799E-5
1.27	6.93835	7.54128E-5
1.271	6.93835	7.54456E-5
1.272	6.93835	7.54785E-5
1.273	6.93835	7.55113E-5
1.274	6.93694	7.55442E-5
1.275	6.93195	7.5577E-5
1.276	6.92696	7.56099E-5
1.277	6.92197	7.56427E-5
1.278	6.91698	7.56756E-5
1.279	6.91199	7.57084E-5
1.28	6.907	7.57413E-5
1.281	6.90201	7.57742E-5
1.282	6.89702	7.5807E-5
1.283	6.89203	7.58399E-5
1.284	6.88703	7.58727E-5
1.285	6.88204	7.59056E-5
1.286	6.87705	7.59384E-5
1.287	6.87206	7.59713E-5
1.288	6.86707	7.60041E-5
1.289	6.86208	7.6037E-5
1.29	6.85709	7.60698E-5
1.291	6.8521	7.61027E-5
1.292	6.84711	7.61355E-5
1.293	6.84212	7.61684E-5
1.294	6.83713	7.62013E-5
1.295	6.83214	7.62341E-5
1.296	6.82715	7.6267E-5
1.297	6.82216	7.62998E-5
1.298	6.81899	7.63327E-5
1.299	6.81899	7.63655E-5
1.3	6.81899	7.63984E-5
1.301	6.81899	7.64312E-5
1.302	6.81899	7.64641E-5
1.303	6.81899	7.64969E-5
1.304	6.81899	7.65298E-5
1.305	6.81899	7.65626E-5
1.306	6.81899	7.65955E-5
1.307	6.81899	7.66284E-5
1.308	6.81899	7.66612E-5
1.309	6.81899	7.66941E-5
1.31	6.81899	7.67269E-5
1.311	6.81899	7.67794E-5
1.312	6.81899	7.68324E-5
1.313	6.81899	7.68855E-5
1.314	6.81899	7.69386E-5
1.315	6.81899	7.69916E-5
1.316	6.81899	7.70447E-5
1.317	6.81899	7.70978E-5
1.318	6.81899	7.71509E-5
1.319	6.81899	7.72039E-5
1.32	6.81899	7.7257E-5
1.321	6.81899	7.73101E-5
1.322	6.81899	7.73631E-5
1.323	6.81899	7.74162E-5
1.324	6.81899	7.74693E-5
1.325	6.81899	7.75224E-5
1.326	6.81899	7.75754E-5
1.327	6.81899	7.76285E-5
1.328	6.81899	7.76816E-5
1.329	6.81899	7.77346E-5
1.33	6.81899	7.77877E-5
1.331	6.81899	7.78408E-5
1.332	6.81899	7.78939E-5
1.333	6.81899	7.79469E-5
1.334	6.81899	7.8E-5
1.335	6.81899	7.80531E-5
1.336	6.81899	7.81061E-5
1.337	6.81899	7.81592E-5
1.338	6.81899	7.82123E-5
1.339	6.81899	7.82654E-5
1.34	6.81899	7.83184E-5
1.341	6.81899	7.83715E-5
1.342	6.81899	7.84246E-5
1.343	6.81881	7.84776E-5
1.344	6.81702	7.85307E-5
1.345	6.81523	7.85838E-5
1.346	6.81345	7.86369E-5
1.347	6.81166	7.86899E-5
1.348	6.80987	7.8743E-5
1.349	6.80809	7.87961E-5
1.35	6.8063	7.88491E-5
1.351	6.80451	7.89022E-5
1.352	6.80273	7.89553E-5
1.353	6.80094	7.90084E-5
1.354	6.79915	7.90614E-5
1.355	6.79737	7.91145E-5
1.356	6.79558	7.91676E-5
1.357	6.79379	7.92206E-5
1.358	6.79201	7.92737E-5
1.359	6.79022	7.93268E-5
1.36	6.78843	7.93799E-5
1.361	6.78665	7.94329E-5
1.362	6.78486	7.9486E-5
1.363	6.78308	7.95391E-5
1.364	6.78129	7.95921E-5
1.365	6.7795	7.96452E-5
1.366	6.77772	7.96983E-5
1.367	6.77593	7.97514E-5
1.368	6.77414	7.98044E-5
1.369	6.77236	7.98575E-5
1.37	6.77057	7.99116E-5
1.371	6.76878	7.997E-5
1.372	6.767	8.00284E-5
1.373	6.76521	8.00868E-5
1.374	6.76342	8.01452E-5
1.375	6.76164	8.02036E-5
1.376	6.75985	8.0262E-5
1.377	6.75806	8.03204E-5
1.378	6.75628	8.03789E-5
1.379	6.75471	8.04373E-5
1.38	6.75471	8.04957E-5
1.381	6.75471	8.05541E-5
1.382	6.75471	8.06125E-5
1.383	6.75471	8.06709E-5
1.384	6.75471	8.07293E-5
1.385	6.75471	8.07877E-5
1.386	6.75471	8.08461E-5
1.387	6.75471	8.09045E-5
1.388	6.75471	8.09629E-5
1.389	6.75471	8.10213E-5
1.39	6.75471	8.10797E-5
1.391	6.75471	8.11381E-5
1.392	6.75471	8.11965E-5
1.393	6.75471	8.1255E-5
1.394	6.75471	8.13134E-5
1.395	6.75471	8.13718E-5
1.396	6.75471	8.14302E-5
1.397	6.75471	8.14886E-5
1.398	6.75471	8.1547E-5
1.399	6.75471	8.16054E-5
1.4	6.75471	8.16638E-5
1.401	6.75471	8.17222E-5
1.402	6.75471	8.17806E-5
1.403	6.75471	8.1839E-5
1.404	6.75471	8.18974E-5
1.405	6.75471	8.19558E-5
1.406	6.75471	8.20142E-5
1.407	6.75471	8.20726E-5
1.408	6.75471	8.21311E-5
1.409	6.75471	8.21895E-5
1.41	6.75471	8.22479E-5
1.411	6.75471	8.23063E-5
1.412	6.75471	8.23647E-5
1.413	6.75471	8.24231E-5
1.414	6.75471	8.24815E-5
1.415	6.75471	8.25399E-5
1.416	6.75471	8.25983E-5
1.417	6.75471	8.26567E-5
1.418	6.75471	8.27151E-5
1.419	6.75471	8.27735E-5
1.42	6.75471	8.28319E-5
1.421	6.75471	8.28903E-5
1.422	6.75471	8.29488E-5
1.423	6.75471	8.30072E-5
1.424	6.75471	8.30656E-5
1.425	6.75471	8.3124E-5
1.426	6.75471	8.31824E-5
1.427	6.75405	8.32408E-5
1.428	6.75176	8.32992E-5
1.429	6.74947	8.33576E-5
1.43	6.74718	8.3416E-5
1.431	6.74489	8.34744E-5
1.432	6.7426	8.35294E-5
1.433	6.74031	8.35577E-5
1.434	6.73802	8.35861E-5
1.435	6.73573	8.36144E-5
1.436	6.73344	8.36428E-5
1.437	6.73115	8.36712E-5
1.438	6.72886	8.36995E-5
1.439	6.72657	8.37279E-5
1.44	6.72428	8.37562E-5
1.441	6.72199	8.37846E-5
1.442	6.7197	8.38129E-5
1.443	6.71741	8.38413E-5
1.444	6.71512	8.38696E-5
1.445	6.71283	8.3898E-5
1.446	6.71054	8.39263E-5
1.447	6.70825	8.39547E-5
1.448	6.70596	8.3983E-5
1.449	6.70367	8.40114E-5
1.45	6.70138	8.40397E-5
1.451	6.69909	8.40681E-5
1.452	6.6968	8.40965E-5
1.453	6.69451	8.41248E-5
1.454	6.69222	8.41532E-5
1.455	6.69044	8.41815E-5
1.456	6.69044	8.42099E-5
1.457	6.69044	8.42382E-5
1.458	6.69044	8.42666E-5
1.459	6.69044	8.42949E-5
1.46	6.69044	8.43233E-5
1.461	6.69044	8.43516E-5
1.462	6.69044	8.438E-5
1.463	6.69044	8.44083E-5
1.464	6.69044	8.44367E-5
1.465	6.69044	8.4465E-5
1.466	6.69044	8.44934E-5
1.467	6.69044	8.45218E-5
1.468	6.69044	8.45501E-5
1.469	6.69044	8.45785E-5
1.47	6.69044	8.46068E-5
1.471	6.69044	8.46352E-5
1.472	6.69044	8.46635E-5
1.473	6.69044	8.46919E-5
1.474	6.69044	8.47202E-5
1.475	6.69128	8.47486E-5
1.476	6.6945	8.47769E-5
1.477	6.69772	8.48053E-5
1.478	6.70094	8.48336E-5
1.479	6.70416	8.4862E-5
1.48	6.70737	8.4893E-5
1.481	6.71059	8.49378E-5
1.482	6.71381	8.49826E-5
1.483	6.71703	8.50274E-5
1.484	6.72025	8.50722E-5
1.485	6.72347	8.5117E-5
1.486	6.72669	8.51618E-5
1.487	6.72991	8.52066E-5
1.488	6.73313	8.52514E-5
1.489	6.73635	8.52962E-5
1.49	6.73957	8.5341E-5
1.491	6.74279	8.53858E-5
1.492	6.74601	8.54306E-5
1.493	6.74923	8.54754E-5
1.494	6.75245	8.55202E-5
1.495	6.75567	8.5565E-5
1.496	6.75889	8.56098E-5
1.497	6.7621	8.56546E-5
1.498	6.76532	8.56994E-5
1.499	6.76854	8.57442E-5
1.5	6.77176	8.5789E-5