0.3	1.69554	0.38079
0.301	1.6946	0.37964
0.302	1.69365	0.37848
0.303	1.69271	0.37732
0.304	1.69176	0.37617
0.305	1.69082	0.37501
0.306	1.68987	0.37385
0.307	1.68893	0.3727
0.308	1.68798	0.37154
0.309	1.68704	0.37038
0.31	1.68609	0.36922
0.311	1.68514	0.36807
0.312	1.6842	0.36691
0.313	1.68325	0.36575
0.314	1.68231	0.3646
0.315	1.68136	0.36344
0.316	1.68042	0.36228
0.317	1.67947	0.36113
0.318	1.67853	0.35997
0.319	1.67758	0.35881
0.32	1.67664	0.35765
0.321	1.67569	0.3565
0.322	1.67475	0.35534
0.323	1.6738	0.35418
0.324	1.67286	0.35303
0.325	1.67191	0.35187
0.326	1.67097	0.35071
0.327	1.67002	0.34956
0.328	1.66908	0.3484
0.329	1.66813	0.34724
0.33	1.66719	0.34608
0.331	1.66624	0.34493
0.332	1.6653	0.34377
0.333	1.66435	0.34261
0.334	1.66341	0.34146
0.335	1.66246	0.3403
0.336	1.66152	0.33914
0.337	1.66057	0.33799
0.338	1.65963	0.33683
0.339	1.65868	0.33567
0.34	1.65774	0.33451
0.341	1.65679	0.33336
0.342	1.65585	0.3322
0.343	1.6549	0.33104
0.344	1.65396	0.32989
0.345	1.65301	0.32873
0.346	1.65207	0.32757
0.347	1.65112	0.32642
0.348	1.65018	0.32526
0.349	1.64923	0.3241
0.35	1.64829	0.32294
0.351	1.64734	0.32179
0.352	1.6464	0.32063
0.353	1.64545	0.31947
0.354	1.64451	0.31832
0.355	1.64356	0.31716
0.356	1.64262	0.316
0.357	1.64167	0.31485
0.358	1.64073	0.31369
0.359	1.63978	0.31253
0.36	1.63884	0.31137
0.361	1.63789	0.31022
0.362	1.63695	0.30906
0.363	1.636	0.3079
0.364	1.63506	0.30675
0.365	1.63411	0.30559
0.366	1.63317	0.30443
0.367	1.63222	0.30328
0.368	1.63128	0.30212
0.369	1.63033	0.30096
0.37	1.62939	0.2998
0.371	1.62844	0.29865
0.372	1.6275	0.29749
0.373	1.62655	0.29633
0.374	1.62561	0.29518
0.375	1.62466	0.29402
0.376	1.62372	0.29286
0.377	1.62277	0.29171
0.378	1.62183	0.29055
0.379	1.62088	0.28939
0.38	1.61994	0.28823
0.381	1.61899	0.28708
0.382	1.61805	0.28592
0.383	1.6171	0.28476
0.384	1.61616	0.28361
0.385	1.61521	0.28245
0.386	1.61427	0.28129
0.387	1.61332	0.28014
0.388	1.61238	0.27948
0.389	1.61143	0.27889
0.39	1.61049	0.27829
0.391	1.60954	0.27769
0.392	1.6086	0.2771
0.393	1.60765	0.2765
0.394	1.60671	0.2759
0.395	1.60547	0.2753
0.396	1.60404	0.27471
0.397	1.60261	0.27411
0.398	1.60118	0.27351
0.399	1.59975	0.27292
0.4	1.59832	0.27232
0.401	1.59689	0.27245
0.402	1.59546	0.27259
0.403	1.59403	0.27272
0.404	1.5926	0.27285
0.405	1.59117	0.27299
0.406	1.58974	0.27312
0.407	1.58831	0.27325
0.408	1.58688	0.27339
0.409	1.58545	0.27352
0.41	1.58402	0.27366
0.411	1.58259	0.27379
0.412	1.58116	0.27392
0.413	1.57973	0.27406
0.414	1.5783	0.27419
0.415	1.57687	0.27427
0.416	1.57544	0.27427
0.417	1.57401	0.27427
0.418	1.57258	0.27428
0.419	1.57139	0.27428
0.42	1.57031	0.27428
0.421	1.56923	0.27428
0.422	1.56814	0.27429
0.423	1.56706	0.27429
0.424	1.56598	0.27429
0.425	1.56489	0.27429
0.426	1.56381	0.27429
0.427	1.56273	0.2743
0.428	1.56164	0.2743
0.429	1.56056	0.2743
0.43	1.55948	0.27444
0.431	1.55839	0.27462
0.432	1.55731	0.2748
0.433	1.55623	0.27497
0.434	1.55514	0.27515
0.435	1.55406	0.27533
0.436	1.55298	0.27551
0.437	1.55152	0.27568
0.438	1.5492	0.27586
0.439	1.54687	0.27604
0.44	1.54455	0.27621
0.441	1.54222	0.27653
0.442	1.5399	0.27688
0.443	1.53757	0.27724
0.444	1.53525	0.27759
0.445	1.53292	0.27794
0.446	1.5306	0.2783
0.447	1.52827	0.27865
0.448	1.52595	0.279
0.449	1.52362	0.27935
0.45	1.5213	0.27971
0.451	1.51897	0.28006
0.452	1.5168	0.28047
0.453	1.51475	0.2809
0.454	1.51269	0.28132
0.455	1.51063	0.28175
0.456	1.50857	0.28217
0.457	1.50651	0.2826
0.458	1.50445	0.28302
0.459	1.50239	0.28345
0.46	1.50033	0.28387
0.461	1.49827	0.28459
0.462	1.49621	0.28543
0.463	1.49416	0.28627
0.464	1.4921	0.28711
0.465	1.49004	0.28795
0.466	1.48798	0.2888
0.467	1.48592	0.28964
0.468	1.48386	0.29048
0.469	1.48101	0.29132
0.47	1.47816	0.29255
0.471	1.47531	0.29418
0.472	1.47247	0.2958
0.473	1.46962	0.29743
0.474	1.46677	0.29905
0.475	1.46392	0.30068
0.476	1.46107	0.3023
0.477	1.45823	0.30393
0.478	1.45538	0.30555
0.479	1.45253	0.30718
0.48	1.44968	0.3088
0.481	1.44677	0.31043
0.482	1.44386	0.31249
0.483	1.44095	0.31485
0.484	1.43804	0.31721
0.485	1.43513	0.31956
0.486	1.43222	0.32192
0.487	1.42931	0.32427
0.488	1.4264	0.32663
0.489	1.42349	0.32899
0.49	1.42058	0.33167
0.491	1.41767	0.33485
0.492	1.41476	0.33802
0.493	1.41185	0.3412
0.494	1.40896	0.34438
0.495	1.40611	0.34755
0.496	1.40326	0.35073
0.497	1.40041	0.35396
0.498	1.39756	0.35767
0.499	1.39471	0.36137
0.5	1.39187	0.36508
0.501	1.38902	0.36878
0.502	1.38617	0.37249
0.503	1.38332	0.37619
0.504	1.38047	0.3799
0.505	1.37762	0.38345
0.506	1.3749	0.38696
0.507	1.37246	0.39048
0.508	1.37002	0.39399
0.509	1.36757	0.3975
0.51	1.36513	0.40215
0.511	1.36269	0.40946
0.512	1.36025	0.41677
0.513	1.35781	0.42409
0.514	1.35537	0.43152
0.515	1.35293	0.43903
0.516	1.35049	0.44654
0.517	1.34805	0.45405
0.518	1.3456	0.46136
0.519	1.34316	0.46867
0.52	1.34072	0.47598
0.521	1.33828	0.48291
0.522	1.33584	0.48895
0.523	1.3334	0.49498
0.524	1.33197	0.50102
0.525	1.3308	0.50705
0.526	1.32963	0.51309
0.527	1.32846	0.51913
0.528	1.32729	0.52616
0.529	1.32612	0.53329
0.53	1.32495	0.54043
0.531	1.32502	0.54757
0.532	1.32632	0.55499
0.533	1.32762	0.56304
0.534	1.32893	0.57109
0.535	1.33023	0.57914
0.536	1.33153	0.5874
0.537	1.33283	0.59575
0.538	1.33413	0.60411
0.539	1.33543	0.61246
0.54	1.33674	0.61997
0.541	1.33804	0.62748
0.542	1.33934	0.63499
0.543	1.34064	0.64221
0.544	1.34194	0.649
0.545	1.34324	0.65579
0.546	1.34455	0.66257
0.547	1.34585	0.66961
0.548	1.34715	0.67675
0.549	1.35052	0.68389
0.55	1.3539	0.69102
0.551	1.35727	0.69824
0.552	1.36065	0.70611
0.553	1.36402	0.71398
0.554	1.3674	0.721
0.555	1.37077	0.72674
0.556	1.37415	0.73248
0.557	1.37752	0.73823
0.558	1.38089	0.74746
0.559	1.38427	0.7582
0.56	1.38764	0.76571
0.561	1.39102	0.77287
0.562	1.39439	0.78005
0.563	1.39777	0.78736
0.564	1.40114	0.79467
0.565	1.40451	0.80198
0.566	1.40789	0.80876
0.567	1.41126	0.81503
0.568	1.41464	0.82129
0.569	1.41801	0.82756
0.57	1.42363	0.83339
0.571	1.42949	0.83911
0.572	1.43535	0.84484
0.573	1.44122	0.85056
0.574	1.44708	0.85629
0.575	1.45295	0.86241
0.576	1.45881	0.86913
0.577	1.46467	0.87585
0.578	1.47054	0.88257
0.579	1.4764	0.88929
0.58	1.48218	0.89359
0.581	1.48793	0.8973
0.582	1.49367	0.90101
0.583	1.49941	0.90471
0.584	1.50516	0.90842
0.585	1.5109	0.91212
0.586	1.51665	0.91583
0.587	1.52239	0.91944
0.588	1.52814	0.92295
0.589	1.53388	0.92646
0.59	1.53963	0.92997
0.591	1.54537	0.93349
0.592	1.54981	0.937
0.593	1.55393	0.94078
0.594	1.55805	0.94456
0.595	1.56217	0.94834
0.596	1.56628	0.95212
0.597	1.5704	0.95524
0.598	1.57452	0.95736
0.599	1.57864	0.95948
0.6	1.58275	0.9616
0.601	1.58687	0.96373
0.602	1.59099	0.96585
0.603	1.59511	0.96797
0.604	1.59922	0.97009
0.605	1.60334	0.9728
0.606	1.60746	0.97784
0.607	1.61158	0.98288
0.608	1.616	0.98792
0.609	1.62164	0.99295
0.61	1.62728	0.99771
0.611	1.63292	1.00228
0.612	1.63856	1.00684
0.613	1.6442	1.01141
0.614	1.64984	1.01598
0.615	1.65548	1.02068
0.616	1.66112	1.02658
0.617	1.66676	1.03249
0.618	1.67266	1.03839
0.619	1.6809	1.04795
0.62	1.68913	1.06116
0.621	1.69737	1.07117
0.622	1.7056	1.07904
0.623	1.71384	1.08691
0.624	1.72207	1.09334
0.625	1.73031	1.0996
0.626	1.73854	1.10587
0.627	1.74712	1.11231
0.628	1.75579	1.11947
0.629	1.76446	1.12662
0.63	1.77313	1.13203
0.631	1.78234	1.13568
0.632	1.79373	1.13934
0.633	1.80512	1.14299
0.634	1.81652	1.14469
0.635	1.82791	1.1459
0.636	1.8393	1.14711
0.637	1.85749	1.14832
0.638	1.87858	1.14953
0.639	1.89968	1.15073
0.64	1.91454	1.15062
0.641	1.9294	1.1485
0.642	1.94426	1.14639
0.643	1.95912	1.14428
0.644	1.9725	1.14217
0.645	1.98364	1.14006
0.646	1.99478	1.13795
0.647	2.00593	1.13291
0.648	2.01707	1.12788
0.649	2.02825	1.12284
0.65	2.03944	1.1178
0.651	2.05063	1.10963
0.652	2.06372	1.09676
0.653	2.0768	1.08646
0.654	2.08989	1.07788
0.655	2.10044	1.0693
0.656	2.10509	1.06223
0.657	2.10973	1.05534
0.658	2.11437	1.04763
0.659	2.11902	1.03261
0.66	2.12366	1.01961
0.661	2.1283	1.01133
0.662	2.13295	1.00306
0.663	2.13759	0.99463
0.664	2.14158	0.98604
0.665	2.13973	0.97846
0.666	2.13787	0.97131
0.667	2.13601	0.96416
0.668	2.13415	0.954
0.669	2.1323	0.94399
0.67	2.13044	0.93541
0.671	2.12858	0.92878
0.672	2.12672	0.92667
0.673	2.12487	0.92457
0.674	2.1221	0.92246
0.675	2.11922	0.92036
0.676	2.11635	0.91825
0.677	2.11348	0.91955
0.678	2.11061	0.9217
0.679	2.10774	0.92384
0.68	2.10487	0.92666
0.681	2.102	0.93218
0.682	2.09912	0.9377
0.683	2.09625	0.94444
0.684	2.09338	0.95303
0.685	2.09051	0.96161
0.686	2.09089	0.98222
0.687	2.09128	0.99289
0.688	2.09166	0.99979
0.689	2.09205	1.00669
0.69	2.09243	1.01581
0.691	2.09281	1.02493
0.692	2.0932	1.03406
0.693	2.10019	1.04615
0.694	2.11158	1.06271
0.695	2.12297	1.07926
0.696	2.13436	1.08974
0.697	2.14576	1.09619
0.698	2.15724	1.10263
0.699	2.16956	1.12258
0.7	2.18187	1.1278
0.701	2.19419	1.13302
0.702	2.20854	1.13824
0.703	2.22595	1.14331
0.704	2.24335	1.14801
0.705	2.26076	1.15271
0.706	2.27401	1.15741
0.707	2.28621	1.15993
0.708	2.29842	1.16101
0.709	2.32374	1.16209
0.71	2.34928	1.16316
0.711	2.37573	1.16055
0.712	2.40217	1.15794
0.713	2.42564	1.15534
0.714	2.44462	1.15233
0.715	2.45869	1.14841
0.716	2.46946	1.14449
0.717	2.48024	1.14057
0.718	2.49101	1.13665
0.719	2.50124	1.13272
0.72	2.51142	1.1288
0.721	2.52205	1.11441
0.722	2.53681	1.09885
0.723	2.55158	1.0833
0.724	2.57003	1.0691
0.725	2.59402	1.05806
0.726	2.60973	1.04703
0.727	2.61716	1.02757
0.728	2.62459	1.00804
0.729	2.63202	0.99409
0.73	2.63945	0.96555
0.731	2.6474	0.93337
0.732	2.65541	0.9244
0.733	2.66342	0.91543
0.734	2.67143	0.90504
0.735	2.67944	0.88895
0.736	2.68745	0.86728
0.737	2.69531	0.84067
0.738	2.70301	0.77544
0.739	2.7107	0.7248
0.74	2.7184	0.71192
0.741	2.72291	0.69905
0.742	2.72663	0.6321
0.743	2.73034	0.60255
0.744	2.73405	0.57834
0.745	2.73777	0.56225
0.746	2.74148	0.52781
0.747	2.7452	0.49519
0.748	2.74891	0.48232
0.749	2.75262	0.41451
0.75	2.75481	0.37331
0.751	2.75598	0.34572
0.752	2.75716	0.31813
0.753	2.75833	0.34241
0.754	2.7595	0.30593
0.755	2.76067	0.27074
0.756	2.76184	0.24044
0.757	2.76185	0.20916
0.758	2.75916	0.17354
0.759	2.75646	0.14671
0.76	2.75377	0.13384
0.761	2.75107	0.11796
0.762	2.74838	0.1008
0.763	2.74568	0.0881
0.764	2.74299	0.07591
0.765	2.73806	0.0659
0.766	2.73288	0.05588
0.767	2.7277	0.04225
0.768	2.72253	0.02018
0.769	2.71735	-0.00189
0.77	2.71116	-0.01078
0.771	2.70346	-0.01065
0.772	2.69577	-0.01329
0.773	2.68807	-0.01593
0.774	2.68141	-0.01858
0.775	2.6752	-0.02122
0.776	2.66898	-0.02387
0.777	2.66277	-0.02651
0.778	2.65655	-0.02874
0.779	2.64934	-0.03001
0.78	2.63815	-0.03129
0.781	2.62696	-0.03256
0.782	2.61614	-0.03383
0.783	2.60585	-0.0351
0.784	2.59557	-0.03638
0.785	2.58529	-0.03765
0.786	2.57778	-0.03892
0.787	2.57097	-0.04
0.788	2.56416	-0.04027
0.789	2.55735	-0.04055
0.79	2.55021	-0.04083
0.791	2.54174	-0.04111
0.792	2.53327	-0.04139
0.793	2.5248	-0.04167
0.794	2.518	-0.04194
0.795	2.51285	-0.04222
0.796	2.5077	-0.0425
0.797	2.50256	-0.04278
0.798	2.49741	-0.04306
0.799	2.49226	-0.04333
0.8	2.48711	-0.04361
0.801	2.48197	-0.04364
0.802	2.47674	-0.04328
0.803	2.47116	-0.04293
0.804	2.46559	-0.04257
0.805	2.46002	-0.04221
0.806	2.45445	-0.04186
0.807	2.44988	-0.0415
0.808	2.44598	-0.04115
0.809	2.44207	-0.04079
0.81	2.43817	-0.04043
0.811	2.43427	-0.04008
0.812	2.43036	-0.03961
0.813	2.42646	-0.03904
0.814	2.42224	-0.03846
0.815	2.41729	-0.03789
0.816	2.41234	-0.03731
0.817	2.40739	-0.03674
0.818	2.40244	-0.03616
0.819	2.3986	-0.03559
0.82	2.39525	-0.03501
0.821	2.3919	-0.03444
0.822	2.38855	-0.03375
0.823	2.3852	-0.0329
0.824	2.38185	-0.03205
0.825	2.3785	-0.0312
0.826	2.37515	-0.03035
0.827	2.3718	-0.0295
0.828	2.36845	-0.02865
0.829	2.36496	-0.0278
0.83	2.36133	-0.02695
0.831	2.35771	-0.02618
0.832	2.35409	-0.0256
0.833	2.35046	-0.02503
0.834	2.34684	-0.02445
0.835	2.3443	-0.02388
0.836	2.34176	-0.0233
0.837	2.33922	-0.02273
0.838	2.33669	-0.02215
0.839	2.33415	-0.02158
0.84	2.33161	-0.021
0.841	2.32907	-0.02043
0.842	2.32653	-0.01991
0.843	2.32399	-0.01938
0.844	2.32145	-0.01885
0.845	2.3191	-0.01832
0.846	2.31677	-0.01779
0.847	2.31444	-0.01726
0.848	2.31211	-0.01673
0.849	2.30978	-0.0162
0.85	2.30745	-0.01567
0.851	2.30512	-0.01514
0.852	2.30279	-0.01469
0.853	2.30046	-0.01454
0.854	2.29813	-0.01438
0.855	2.2958	-0.01423
0.856	2.29329	-0.01408
0.857	2.29075	-0.01393
0.858	2.28821	-0.01378
0.859	2.28567	-0.01362
0.86	2.28314	-0.01347
0.861	2.2806	-0.01332
0.862	2.27806	-0.01317
0.863	2.27552	-0.01301
0.864	2.27299	-0.01286
0.865	2.27045	-0.01264
0.866	2.26882	-0.01232
0.867	2.26743	-0.01201
0.868	2.26603	-0.01169
0.869	2.26463	-0.01137
0.87	2.26324	-0.01105
0.871	2.26184	-0.01073
0.872	2.26045	-0.01042
0.873	2.25905	-0.0101
0.874	2.25765	-0.00978
0.875	2.25626	-0.00946
0.876	2.25452	-0.00914
0.877	2.25254	-0.00883
0.878	2.25057	-0.00851
0.879	2.24859	-0.00819
0.88	2.24662	-0.00787
0.881	2.24464	-0.00755
0.882	2.24267	-0.00724
0.883	2.2407	-0.00692
0.884	2.23872	-0.00662
0.885	2.23675	-0.00631
0.886	2.23498	-0.00601
0.887	2.23343	-0.0057
0.888	2.23188	-0.0054
0.889	2.23033	-0.0051
0.89	2.22878	-0.00479
0.891	2.22723	-0.00449
0.892	2.22568	-0.00418
0.893	2.22413	-0.00388
0.894	2.22258	-0.00358
0.895	2.22103	-0.00327
0.896	2.21948	-0.0029
0.897	2.21793	-0.00237
0.898	2.21638	-0.00185
0.899	2.21483	-0.00132
0.9	2.21328	-7.88818E-4
0.901	2.21235	-2.60636E-4
0.902	2.21157	2.67545E-4
0.903	2.21079	7.95727E-4
0.904	2.21001	0.00132
0.905	2.20923	0.00185
0.906	2.20845	0.00238
0.907	2.20767	0.00275
0.908	2.20651	0.00275
0.909	2.20496	0.00275
0.91	2.20342	0.00275
0.911	2.20187	0.00276
0.912	2.20032	0.00276
0.913	2.19878	0.00276
0.914	2.19723	0.00276
0.915	2.19569	0.00276
0.916	2.19414	0.00276
0.917	2.1926	0.00276
0.918	2.19105	0.00276
0.919	2.1895	0.00277
0.92	2.18796	0.00277
0.921	2.18668	0.00277
0.922	2.18557	0.00277
0.923	2.18447	0.00277
0.924	2.18337	0.00289
0.925	2.18226	0.00302
0.926	2.18116	0.00316
0.927	2.18005	0.00329
0.928	2.17895	0.00342
0.929	2.17785	0.00356
0.93	2.17674	0.00369
0.931	2.17564	0.00382
0.932	2.17454	0.00396
0.933	2.17343	0.00409
0.934	2.17256	0.00422
0.935	2.17178	0.00436
0.936	2.171	0.00449
0.937	2.17023	0.00462
0.938	2.16945	0.00467
0.939	2.16867	0.00437
0.94	2.1679	0.00407
0.941	2.16712	0.00377
0.942	2.16635	0.00347
0.943	2.16557	0.00317
0.944	2.16479	0.00287
0.945	2.1641	0.00257
0.946	2.16343	0.00227
0.947	2.16277	0.00197
0.948	2.16211	0.00167
0.949	2.16144	0.00137
0.95	2.16078	0.00107
0.951	2.16012	8.90548E-4
0.952	2.15946	8.91918E-4
0.953	2.15879	8.93288E-4
0.954	2.15813	8.94658E-4
0.955	2.15747	8.96027E-4
0.956	2.15681	8.97397E-4
0.957	2.15614	8.98767E-4
0.958	2.1553	9.00137E-4
0.959	2.15442	9.01507E-4
0.96	2.15354	9.02877E-4
0.961	2.15265	9.04247E-4
0.962	2.15177	9.05616E-4
0.963	2.15089	9.06986E-4
0.964	2.15001	9.08356E-4
0.965	2.14912	9.09726E-4
0.966	2.14824	0.00102
0.967	2.14736	0.00115
0.968	2.14647	0.00128
0.969	2.14559	0.00142
0.97	2.14471	0.00155
0.971	2.14378	0.00168
0.972	2.14286	0.00182
0.973	2.14193	0.00195
0.974	2.141	0.00209
0.975	2.14007	0.00222
0.976	2.13914	0.00235
0.977	2.13821	0.00249
0.978	2.13728	0.00262
0.979	2.13635	0.00275
0.98	2.13542	0.00286
0.981	2.1345	0.00286
0.982	2.13357	0.00286
0.983	2.13264	0.00287
0.984	2.13171	0.00287
0.985	2.13078	0.00287
0.986	2.12985	0.00287
0.987	2.12892	0.00287
0.988	2.12799	0.00288
0.989	2.12714	0.00288
0.99	2.12637	0.00288
0.991	2.12559	0.00288
0.992	2.12482	0.00288
0.993	2.12404	0.00289
0.994	2.12327	0.00289
0.995	2.12249	0.00289
0.996	2.12172	0.00289
0.997	2.12094	0.00289
0.998	2.12017	0.00289
0.999	2.11939	0.0029
1	2.11862	0.0029
1.001	2.11784	0.0029
1.002	2.11707	0.0029
1.003	2.11629	0.0029
1.004	2.11564	0.0029
1.005	2.11502	0.0029
1.006	2.11441	0.00291
1.007	2.11379	0.00291
1.008	2.11317	0.00291
1.009	2.11255	0.00291
1.01	2.11193	0.00291
1.011	2.11131	0.00291
1.012	2.11069	0.00292
1.013	2.11031	0.00292
1.014	2.11008	0.00292
1.015	2.10986	0.00292
1.016	2.10964	0.00292
1.017	2.10942	0.00292
1.018	2.10919	0.00293
1.019	2.10897	0.00293
1.02	2.10875	0.00293
1.021	2.10853	0.00293
1.022	2.1083	0.00293
1.023	2.10808	0.00294
1.024	2.10786	0.00294
1.025	2.10763	0.00294
1.026	2.10706	0.00294
1.027	2.1064	0.00294
1.028	2.10574	0.00294
1.029	2.10507	0.00295
1.03	2.10441	0.00295
1.031	2.10375	0.00295
1.032	2.10309	0.00295
1.033	2.10243	0.00295
1.034	2.10176	0.00295
1.035	2.1011	0.00296
1.036	2.10044	0.00296
1.037	2.09978	0.00296
1.038	2.09912	0.00296
1.039	2.09804	0.00296
1.04	2.09691	0.00296
1.041	2.09578	0.00297
1.042	2.09465	0.00297
1.043	2.09352	0.00297
1.044	2.0924	0.00297
1.045	2.09127	0.00297
1.046	2.09014	0.00297
1.047	2.08901	0.00298
1.048	2.08789	0.00298
1.049	2.08766	0.00298
1.05	2.08766	0.00298
1.051	2.08766	0.00298
1.052	2.08766	0.00298
1.053	2.08766	0.00298
1.054	2.08766	0.00299
1.055	2.08766	0.00299
1.056	2.08766	0.00299
1.057	2.08766	0.00299
1.058	2.08766	0.00299
1.059	2.08712	0.00299
1.06	2.08635	0.00299
1.061	2.08558	0.003
1.062	2.08481	0.003
1.063	2.08404	0.003
1.064	2.08327	0.003
1.065	2.0825	0.003
1.066	2.08173	0.003
1.067	2.08096	0.003
1.068	2.08019	0.003
1.069	2.07943	0.00301
1.07	2.07866	0.00301
1.071	2.07789	0.00301
1.072	2.07712	0.00301
1.073	2.07635	0.00301
1.074	2.07627	0.00315
1.075	2.07627	0.0033
1.076	2.07627	0.00345
1.077	2.07627	0.00361
1.078	2.07627	0.00376
1.079	2.07627	0.00391
1.08	2.07627	0.00407
1.081	2.07627	0.00422
1.082	2.07627	0.00437
1.083	2.07627	0.00453
1.084	2.07627	0.00468
1.085	2.07627	0.00483
1.086	2.07627	0.00497
1.087	2.07627	0.00497
1.088	2.07611	0.00497
1.089	2.07534	0.00497
1.09	2.07456	0.00498
1.091	2.07378	0.00498
1.092	2.07301	0.00498
1.093	2.07223	0.00498
1.094	2.07145	0.00498
1.095	2.07067	0.00498
1.096	2.0699	0.00498
1.097	2.06912	0.00499
1.098	2.06834	0.00499
1.099	2.06768	0.00499
1.1	2.06745	0.00499
1.101	2.06723	0.00499
1.102	2.06701	0.00499
1.103	2.06679	0.00499
1.104	2.06657	0.005
1.105	2.06635	0.005
1.106	2.06613	0.005
1.107	2.06591	0.005
1.108	2.06569	0.00475
1.109	2.06547	0.0045
1.11	2.06525	0.00426
1.111	2.06502	0.00401
1.112	2.06479	0.00376
1.113	2.06453	0.00351
1.114	2.06428	0.00327
1.115	2.06402	0.00302
1.116	2.06376	0.00277
1.117	2.0635	0.00252
1.118	2.06324	0.00227
1.119	2.06299	0.00203
1.12	2.06273	0.00178
1.121	2.06247	0.00153
1.122	2.06221	0.00128
1.123	2.06189	0.00127
1.124	2.06141	0.00148
1.125	2.06094	0.00169
1.126	2.06046	0.00191
1.127	2.05999	0.00212
1.128	2.05951	0.00233
1.129	2.05904	0.00255
1.13	2.05856	0.00276
1.131	2.05809	0.00297
1.132	2.05761	0.00318
1.133	2.05714	0.0034
1.134	2.05666	0.00361
1.135	2.05617	0.00382
1.136	2.05562	0.00404
1.137	2.05507	0.00425
1.138	2.05452	0.00446
1.139	2.05397	0.00468
1.14	2.05343	0.00489
1.141	2.05288	0.00504
1.142	2.05233	0.00491
1.143	2.05178	0.00479
1.144	2.05123	0.00467
1.145	2.05068	0.00455
1.146	2.05014	0.00442
1.147	2.04959	0.0043
1.148	2.04904	0.00418
1.149	2.04849	0.00406
1.15	2.04794	0.00393
1.151	2.04763	0.00381
1.152	2.04741	0.00369
1.153	2.04719	0.00357
1.154	2.04697	0.00344
1.155	2.04675	0.00332
1.156	2.04653	0.0032
1.157	2.0463	0.00322
1.158	2.04608	0.00334
1.159	2.04586	0.00346
1.16	2.04564	0.00358
1.161	2.04542	0.0037
1.162	2.0452	0.00382
1.163	2.04498	0.00394
1.164	2.04494	0.00406
1.165	2.04494	0.00418
1.166	2.04494	0.0043
1.167	2.04494	0.00442
1.168	2.04494	0.00454
1.169	2.04494	0.00466
1.17	2.04494	0.00478
1.171	2.04494	0.00489
1.172	2.04494	0.00501
1.173	2.04447	0.00509
1.174	2.0437	0.00498
1.175	2.04292	0.00487
1.176	2.04214	0.00476
1.177	2.04136	0.00465
1.178	2.04059	0.00454
1.179	2.03981	0.00443
1.18	2.03903	0.00432
1.181	2.03826	0.00421
1.182	2.03748	0.0041
1.183	2.0367	0.00399
1.184	2.03639	0.00388
1.185	2.03639	0.00377
1.186	2.03639	0.00366
1.187	2.03639	0.00355
1.188	2.03639	0.00344
1.189	2.03639	0.00333
1.19	2.03639	0.00322
1.191	2.03639	0.0032
1.192	2.03639	0.0032
1.193	2.03639	0.0032
1.194	2.03639	0.00321
1.195	2.03616	0.00321
1.196	2.03577	0.00321
1.197	2.03538	0.00321
1.198	2.035	0.00321
1.199	2.03461	0.00321
1.2	2.03422	0.00322
1.201	2.03384	0.00322
1.202	2.03345	0.00322
1.203	2.03306	0.00322
1.204	2.03267	0.00322
1.205	2.03229	0.00322
1.206	2.0319	0.00323
1.207	2.03151	0.00323
1.208	2.03113	0.00323
1.209	2.03074	0.00329
1.21	2.0307	0.00341
1.211	2.0307	0.00353
1.212	2.0307	0.00365
1.213	2.0307	0.00376
1.214	2.0307	0.00388
1.215	2.0307	0.004
1.216	2.0307	0.00412
1.217	2.0307	0.00424
1.218	2.0307	0.00436
1.219	2.0307	0.00448
1.22	2.0307	0.0046
1.221	2.0307	0.00471
1.222	2.0307	0.00483
1.223	2.0307	0.00495
1.224	2.0307	0.00507
1.225	2.0307	0.00519
1.226	2.0307	0.00519
1.227	2.0307	0.00519
1.228	2.0307	0.0052
1.229	2.0307	0.0052
1.23	2.0307	0.0052
1.231	2.0307	0.0052
1.232	2.0307	0.0052
1.233	2.0307	0.0052
1.234	2.0307	0.00521
1.235	2.03064	0.00521
1.236	2.03006	0.00521
1.237	2.02948	0.00521
1.238	2.0289	0.00521
1.239	2.02832	0.00522
1.24	2.02773	0.00522
1.241	2.02715	0.00522
1.242	2.02657	0.00509
1.243	2.02599	0.00488
1.244	2.02541	0.00467
1.245	2.02483	0.00446
1.246	2.02424	0.00425
1.247	2.02366	0.00404
1.248	2.02308	0.00384
1.249	2.0225	0.00363
1.25	2.02223	0.00342
1.251	2.02242	0.00321
1.252	2.02262	0.003
1.253	2.02281	0.00279
1.254	2.023	0.00258
1.255	2.0232	0.00237
1.256	2.02339	0.00216
1.257	2.02358	0.00195
1.258	2.02378	0.00174
1.259	2.02397	0.00153
1.26	2.02417	0.00141
1.261	2.02436	0.00151
1.262	2.02455	0.00161
1.263	2.02475	0.0017
1.264	2.02494	0.0018
1.265	2.02454	0.0019
1.266	2.02387	0.002
1.267	2.02321	0.0021
1.268	2.02255	0.00219
1.269	2.02189	0.00229
1.27	2.02123	0.00239
1.271	2.02056	0.00249
1.272	2.0199	0.00259
1.273	2.01924	0.00268
1.274	2.01858	0.00278
1.275	2.01792	0.00288
1.276	2.01725	0.00298
1.277	2.01659	0.00308
1.278	2.01632	0.00317
1.279	2.01615	0.00327
1.28	2.01598	0.00335
1.281	2.0158	0.00335
1.282	2.01563	0.00335
1.283	2.01546	0.00335
1.284	2.01529	0.00336
1.285	2.01511	0.00336
1.286	2.01494	0.00336
1.287	2.01477	0.00336
1.288	2.01459	0.00336
1.289	2.01442	0.00336
1.29	2.01425	0.00336
1.291	2.01408	0.00337
1.292	2.0139	0.00337
1.293	2.01373	0.00337
1.294	2.01361	0.00337
1.295	2.01361	0.00337
1.296	2.01361	0.00337
1.297	2.01361	0.00337
1.298	2.01361	0.00338
1.299	2.01361	0.00338
1.3	2.01361	0.00338
1.301	2.01361	0.00338
1.302	2.01361	0.00338
1.303	2.01361	0.00339
1.304	2.01361	0.00339
1.305	2.01361	0.00339
1.306	2.01361	0.0033
1.307	2.0134	0.00315
1.308	2.01289	0.003
1.309	2.01238	0.00285
1.31	2.01186	0.0027
1.311	2.01135	0.00255
1.312	2.01084	0.00241
1.313	2.01032	0.00226
1.314	2.00981	0.00211
1.315	2.0093	0.00196
1.316	2.00878	0.00181
1.317	2.00827	0.00166
1.318	2.00796	0.00151
1.319	2.00813	0.00158
1.32	2.00831	0.00169
1.321	2.00848	0.00181
1.322	2.00865	0.00193
1.323	2.00883	0.00205
1.324	2.009	0.00217
1.325	2.00917	0.00229
1.326	2.00934	0.00241
1.327	2.00952	0.00253
1.328	2.00969	0.00264
1.329	2.00986	0.00276
1.33	2.01003	0.00288
1.331	2.01021	0.003
1.332	2.01038	0.00312
1.333	2.01055	0.00324
1.334	2.01073	0.00336
1.335	2.0103	0.00347
1.336	2.00971	0.00359
1.337	2.00913	0.0037
1.338	2.00855	0.00381
1.339	2.00797	0.00392
1.34	2.00739	0.00404
1.341	2.00681	0.00415
1.342	2.00623	0.00426
1.343	2.00565	0.00437
1.344	2.00507	0.00449
1.345	2.00449	0.0046
1.346	2.0039	0.00471
1.347	2.00332	0.00483
1.348	2.00274	0.00494
1.349	2.00222	0.00505
1.35	2.00222	0.00516
1.351	2.00222	0.00528
1.352	2.00222	0.00539
1.353	2.00222	0.00529
1.354	2.00222	0.00517
1.355	2.00222	0.00504
1.356	2.00222	0.00492
1.357	2.00222	0.0048
1.358	2.00222	0.00467
1.359	2.00222	0.00455
1.36	2.00222	0.00443
1.361	2.00222	0.0043
1.362	2.00222	0.00418
1.363	2.00222	0.00406
1.364	2.00222	0.00393
1.365	2.00222	0.00381
1.366	2.00222	0.00369
1.367	2.00222	0.00356
1.368	2.00222	0.00349
1.369	2.00222	0.00349
1.37	2.00222	0.00349
1.371	2.00222	0.00349
1.372	2.00222	0.0035
1.373	2.00222	0.0035
1.374	2.00222	0.0035
1.375	2.00222	0.0035
1.376	2.00222	0.0035
1.377	2.00205	0.0035
1.378	2.0017	0.0035
1.379	2.00136	0.00351
1.38	2.00102	0.00351
1.381	2.00067	0.00351
1.382	2.00033	0.00351
1.383	1.99999	0.00343
1.384	1.99964	0.00331
1.385	1.9993	0.0032
1.386	1.99896	0.00308
1.387	1.99861	0.00297
1.388	1.99827	0.00285
1.389	1.99793	0.00273
1.39	1.99758	0.00262
1.391	1.99724	0.0025
1.392	1.9969	0.00239
1.393	1.99655	0.00227
1.394	1.99677	0.00215
1.395	1.99706	0.00204
1.396	1.99734	0.00192
1.397	1.99762	0.00181
1.398	1.9979	0.00169
1.399	1.99818	0.00165
1.4	1.99847	0.00177
1.401	1.99875	0.0019
1.402	1.99903	0.00202
1.403	1.99931	0.00215
1.404	1.9988	0.00227
1.405	1.99808	0.0024
1.406	1.99736	0.00252
1.407	1.99664	0.00265
1.408	1.99592	0.00277
1.409	1.9952	0.0029
1.41	1.99448	0.00302
1.411	1.99377	0.00315
1.412	1.99305	0.00327
1.413	1.99233	0.0034
1.414	1.99161	0.00352
1.415	1.99089	0.00348
1.416	1.99082	0.00336
1.417	1.99082	0.00325
1.418	1.99082	0.00313
1.419	1.99082	0.00302
1.42	1.99082	0.0029
1.421	1.99082	0.00278
1.422	1.99082	0.00267
1.423	1.99082	0.00255
1.424	1.99082	0.00244
1.425	1.99082	0.00232
1.426	1.99082	0.0022
1.427	1.99082	0.00209
1.428	1.99082	0.00197
1.429	1.99082	0.00186
1.43	1.99082	0.00174
1.431	1.99082	0.00174
1.432	1.99082	0.00203
1.433	1.99082	0.00231
1.434	1.99065	0.00259
1.435	1.99031	0.00287
1.436	1.98996	0.00315
1.437	1.98962	0.00343
1.438	1.98928	0.00371
1.439	1.98893	0.00399
1.44	1.98859	0.00427
1.441	1.98825	0.00456
1.442	1.98791	0.00484
1.443	1.98756	0.00512
1.444	1.98722	0.0054
1.445	1.98688	0.00554
1.446	1.98654	0.00554
1.447	1.98619	0.00554
1.448	1.98585	0.00555
1.449	1.98551	0.00555
1.45	1.98516	0.00555
1.451	1.98513	0.00555
1.452	1.98513	0.00555
1.453	1.98513	0.00556
1.454	1.98513	0.00556
1.455	1.98513	0.00556
1.456	1.98513	0.00556
1.457	1.98513	0.00556
1.458	1.98513	0.00557
1.459	1.98513	0.00557
1.46	1.98513	0.00557
1.461	1.98513	0.00557
1.462	1.98513	0.00557
1.463	1.98513	0.00558
1.464	1.98513	0.00558
1.465	1.98513	0.00553
1.466	1.98513	0.00542
1.467	1.98513	0.0053
1.468	1.98513	0.00518
1.469	1.98513	0.00507
1.47	1.98513	0.00495
1.471	1.98513	0.00483
1.472	1.98513	0.00472
1.473	1.98513	0.0046
1.474	1.98513	0.00449
1.475	1.98513	0.00437
1.476	1.98513	0.00425
1.477	1.98513	0.00414
1.478	1.98513	0.00402
1.479	1.98513	0.0039
1.48	1.98513	0.00379
1.481	1.98513	0.00367
1.482	1.98513	0.00379
1.483	1.98513	0.00391
1.484	1.98513	0.00403
1.485	1.98513	0.00415
1.486	1.98513	0.00426
1.487	1.98513	0.00438
1.488	1.98513	0.0045
1.489	1.98513	0.00462
1.49	1.98513	0.00474
1.491	1.98513	0.00486
1.492	1.98513	0.00498
1.493	1.98513	0.0051
1.494	1.98513	0.00521
1.495	1.98513	0.00533
1.496	1.98513	0.00545
1.497	1.98513	0.00557
1.498	1.98513	0.00563
1.499	1.98513	0.00563
1.5	1.98513	0.00563
1.501	1.98513	0.00564
1.502	1.98513	0.00564
1.503	1.98513	0.00564
1.504	1.98513	0.00564
1.505	1.98513	0.00564
1.506	1.98513	0.00564
1.507	1.98513	0.00564
1.508	1.9849	0.00565
1.509	1.98464	0.00565
1.51	1.98438	0.00565
1.511	1.98412	0.00565
1.512	1.98386	0.00565
1.513	1.9836	0.00565
1.514	1.98334	0.00566
1.515	1.98308	0.00566
1.516	1.98282	0.00566
1.517	1.98257	0.00566
1.518	1.98231	0.00566
1.519	1.982	0.00566
1.52	1.98169	0.00567
1.521	1.98138	0.00567
1.522	1.98107	0.00567
1.523	1.98076	0.00567
1.524	1.98045	0.00567
1.525	1.98014	0.00568
1.526	1.97983	0.00568
1.527	1.97952	0.00568
1.528	1.9793	0.00568
1.529	1.97912	0.00568
1.53	1.97894	0.00568
1.531	1.97875	0.00569
1.532	1.97857	0.00569
1.533	1.97839	0.00569
1.534	1.97821	0.00569
1.535	1.97802	0.00569
1.536	1.97784	0.00569
1.537	1.97766	0.00569
1.538	1.97748	0.00569
1.539	1.97729	0.0057
1.54	1.97711	0.0057
1.541	1.97693	0.0057
1.542	1.97674	0.0057
1.543	1.9766	0.0057
1.544	1.97681	0.0057
1.545	1.97701	0.0057
1.546	1.97722	0.00571
1.547	1.97743	0.00571
1.548	1.97763	0.00571
1.549	1.97784	0.00571
1.55	1.97805	0.00571
1.551	1.97825	0.00571
1.552	1.97846	0.00571
1.553	1.97867	0.00571
1.554	1.97887	0.00572
1.555	1.97908	0.00572
1.556	1.97929	0.00572
1.557	1.97936	0.00572
1.558	1.97914	0.00572
1.559	1.97892	0.00572
1.56	1.9787	0.00573
1.561	1.97848	0.00573
1.562	1.97826	0.00573
1.563	1.97804	0.00573
1.564	1.97782	0.00573
1.565	1.9776	0.00574
1.566	1.97738	0.00574
1.567	1.97715	0.00574
1.568	1.97693	0.00574
1.569	1.97671	0.00574
1.57	1.97658	0.00575
1.571	1.97658	0.00575
1.572	1.97658	0.00575
1.573	1.97658	0.00575
1.574	1.97658	0.00575
1.575	1.97658	0.00575
1.576	1.97658	0.00576
1.577	1.97658	0.00576
1.578	1.97658	0.00576
1.579	1.97658	0.00576
1.58	1.97658	0.00576
1.581	1.97658	0.00577
1.582	1.97658	0.00577
1.583	1.97658	0.00577
1.584	1.97634	0.00577
1.585	1.97593	0.00577
1.586	1.97553	0.00577
1.587	1.97512	0.00578
1.588	1.97472	0.00578
1.589	1.97431	0.00578
1.59	1.97391	0.00578
1.591	1.9735	0.00578
1.592	1.9731	0.00578
1.593	1.97269	0.00578
1.594	1.97229	0.00578
1.595	1.97189	0.00579
1.596	1.97148	0.00579
1.597	1.97108	0.00579
1.598	1.97067	0.00579
1.599	1.97027	0.00579
1.6	1.96986	0.00579