0.3	1.5472	0.19077
0.301	1.54817	0.19071
0.302	1.54912	0.19185
0.303	1.55007	0.19339
0.304	1.55102	0.19506
0.305	1.55195	0.1968
0.306	1.55288	0.19831
0.307	1.5538	0.19988
0.308	1.55472	0.20135
0.309	1.55562	0.20256
0.31	1.55652	0.20351
0.311	1.55742	0.2042
0.312	1.5583	0.20463
0.313	1.55918	0.20481
0.314	1.56006	0.20473
0.315	1.56092	0.20441
0.316	1.56178	0.20384
0.317	1.56264	0.20302
0.318	1.56349	0.20208
0.319	1.56433	0.20114
0.32	1.56517	0.20022
0.321	1.56601	0.1993
0.322	1.56683	0.1984
0.323	1.56766	0.1975
0.324	1.56848	0.19662
0.325	1.56929	0.19573
0.326	1.5701	0.19485
0.327	1.5709	0.19388
0.328	1.5717	0.19283
0.329	1.5725	0.1917
0.33	1.57329	0.19049
0.331	1.57408	0.18922
0.332	1.57486	0.18799
0.333	1.57564	0.1868
0.334	1.57641	0.18566
0.335	1.57718	0.18455
0.336	1.57794	0.18348
0.337	1.5787	0.18245
0.338	1.57945	0.18143
0.339	1.58019	0.18035
0.34	1.58092	0.17922
0.341	1.58164	0.17803
0.342	1.58233	0.17677
0.343	1.583	0.17545
0.344	1.58361	0.17408
0.345	1.58418	0.17268
0.346	1.58441	0.17124
0.347	1.58461	0.16975
0.348	1.58476	0.16823
0.349	1.58488	0.16678
0.35	1.58495	0.16547
0.351	1.585	0.16429
0.352	1.585	0.16325
0.353	1.58497	0.16234
0.354	1.5849	0.16145
0.355	1.5848	0.16057
0.356	1.58467	0.15968
0.357	1.5845	0.1588
0.358	1.5843	0.15791
0.359	1.58407	0.15703
0.36	1.5838	0.15615
0.361	1.58349	0.15527
0.362	1.58316	0.1544
0.363	1.58279	0.15352
0.364	1.58238	0.15265
0.365	1.58195	0.15179
0.366	1.58148	0.15092
0.367	1.58098	0.15006
0.368	1.58044	0.1492
0.369	1.57988	0.14835
0.37	1.57929	0.14749
0.371	1.57866	0.14674
0.372	1.57801	0.14596
0.373	1.57734	0.14515
0.374	1.57664	0.14431
0.375	1.57591	0.14344
0.376	1.57516	0.14249
0.377	1.57439	0.14145
0.378	1.5736	0.14033
0.379	1.57279	0.13916
0.38	1.57197	0.13795
0.381	1.57112	0.13669
0.382	1.57027	0.13529
0.383	1.5694	0.13387
0.384	1.56852	0.13244
0.385	1.56763	0.13101
0.386	1.56672	0.12966
0.387	1.56581	0.12843
0.388	1.56489	0.12732
0.389	1.56397	0.12633
0.39	1.56304	0.12543
0.391	1.56209	0.12461
0.392	1.56115	0.1239
0.393	1.56019	0.12331
0.394	1.55923	0.12285
0.395	1.55825	0.1225
0.396	1.55727	0.12226
0.397	1.55627	0.12205
0.398	1.55526	0.12184
0.399	1.55424	0.12157
0.4	1.55321	0.12124
0.401	1.55215	0.12083
0.402	1.55109	0.12036
0.403	1.55001	0.11984
0.404	1.54891	0.11932
0.405	1.5478	0.11879
0.406	1.54668	0.11827
0.407	1.54554	0.11775
0.408	1.54439	0.11723
0.409	1.54323	0.11674
0.41	1.54206	0.11636
0.411	1.54087	0.11609
0.412	1.53968	0.11593
0.413	1.53848	0.11587
0.414	1.53727	0.11587
0.415	1.53605	0.11587
0.416	1.53484	0.11587
0.417	1.53361	0.11587
0.418	1.53239	0.11587
0.419	1.53117	0.11587
0.42	1.52994	0.11587
0.421	1.52872	0.11587
0.422	1.52749	0.11587
0.423	1.52627	0.11587
0.424	1.52505	0.11587
0.425	1.52384	0.11587
0.426	1.52263	0.11587
0.427	1.52142	0.11587
0.428	1.52021	0.11584
0.429	1.51901	0.11579
0.43	1.51782	0.11572
0.431	1.51662	0.11562
0.432	1.51543	0.1155
0.433	1.51424	0.11536
0.434	1.51305	0.11519
0.435	1.51186	0.11501
0.436	1.51067	0.1148
0.437	1.50948	0.11456
0.438	1.5083	0.11431
0.439	1.50711	0.11404
0.44	1.50592	0.11376
0.441	1.50472	0.11347
0.442	1.50353	0.11316
0.443	1.50233	0.11283
0.444	1.50113	0.11249
0.445	1.49993	0.11214
0.446	1.49872	0.11184
0.447	1.49752	0.11161
0.448	1.49631	0.11144
0.449	1.49511	0.11133
0.45	1.4939	0.1113
0.451	1.49269	0.11135
0.452	1.49149	0.11148
0.453	1.49029	0.11168
0.454	1.48909	0.11197
0.455	1.4879	0.11233
0.456	1.48672	0.11277
0.457	1.48555	0.11321
0.458	1.48438	0.11365
0.459	1.48322	0.11416
0.46	1.48208	0.11474
0.461	1.48094	0.11538
0.462	1.47982	0.11609
0.463	1.47872	0.11687
0.464	1.47762	0.11771
0.465	1.47654	0.11862
0.466	1.47548	0.1196
0.467	1.47442	0.12065
0.468	1.47339	0.12173
0.469	1.47236	0.12277
0.47	1.47134	0.12371
0.471	1.47034	0.12454
0.472	1.46934	0.12526
0.473	1.46835	0.12588
0.474	1.46736	0.12638
0.475	1.46638	0.12678
0.476	1.4654	0.12708
0.477	1.46442	0.12726
0.478	1.46344	0.12736
0.479	1.46246	0.12742
0.48	1.46147	0.12753
0.481	1.46048	0.12767
0.482	1.45949	0.12785
0.483	1.45849	0.12807
0.484	1.45748	0.12834
0.485	1.45647	0.12864
0.486	1.45545	0.12899
0.487	1.45443	0.12937
0.488	1.4534	0.12979
0.489	1.45236	0.13024
0.49	1.45132	0.13068
0.491	1.45027	0.1311
0.492	1.44922	0.13148
0.493	1.44816	0.13182
0.494	1.4471	0.13212
0.495	1.44602	0.13237
0.496	1.44495	0.13259
0.497	1.44387	0.13277
0.498	1.44278	0.13296
0.499	1.44169	0.13314
0.5	1.44059	0.13332
0.501	1.43948	0.1335
0.502	1.43836	0.13371
0.503	1.43724	0.13395
0.504	1.43611	0.13424
0.505	1.43496	0.13457
0.506	1.43381	0.13493
0.507	1.43265	0.13534
0.508	1.43147	0.13578
0.509	1.43028	0.13622
0.51	1.42908	0.13666
0.511	1.42787	0.13711
0.512	1.42664	0.13755
0.513	1.42541	0.13799
0.514	1.42415	0.13843
0.515	1.42289	0.13887
0.516	1.42161	0.13932
0.517	1.42032	0.13979
0.518	1.41902	0.14031
0.519	1.4177	0.14087
0.52	1.41637	0.14148
0.521	1.41504	0.14214
0.522	1.41368	0.14284
0.523	1.41232	0.14358
0.524	1.41095	0.14438
0.525	1.40956	0.14521
0.526	1.40816	0.1461
0.527	1.40675	0.14703
0.528	1.40533	0.14797
0.529	1.40389	0.14892
0.53	1.40244	0.14986
0.531	1.40098	0.1508
0.532	1.39951	0.15175
0.533	1.39802	0.15269
0.534	1.39653	0.15364
0.535	1.39502	0.1546
0.536	1.3935	0.15559
0.537	1.39197	0.15661
0.538	1.39043	0.15766
0.539	1.38889	0.15874
0.54	1.38733	0.15986
0.541	1.38577	0.161
0.542	1.38421	0.16218
0.543	1.38264	0.16339
0.544	1.38107	0.16463
0.545	1.3795	0.1659
0.546	1.37792	0.16718
0.547	1.37635	0.16847
0.548	1.37478	0.16976
0.549	1.37322	0.17105
0.55	1.37166	0.17234
0.551	1.37011	0.17362
0.552	1.36856	0.17491
0.553	1.36702	0.17625
0.554	1.36549	0.17766
0.555	1.36397	0.17914
0.556	1.36246	0.1807
0.557	1.36096	0.18234
0.558	1.35947	0.18406
0.559	1.358	0.18585
0.56	1.35654	0.18771
0.561	1.3551	0.18969
0.562	1.35367	0.19181
0.563	1.35225	0.19409
0.564	1.35085	0.19646
0.565	1.34947	0.19891
0.566	1.3481	0.20144
0.567	1.34675	0.20403
0.568	1.34541	0.2067
0.569	1.34409	0.20937
0.57	1.34279	0.21196
0.571	1.3415	0.21447
0.572	1.34022	0.21685
0.573	1.33896	0.21907
0.574	1.33771	0.22114
0.575	1.33648	0.22304
0.576	1.33526	0.22479
0.577	1.33406	0.22638
0.578	1.33287	0.22782
0.579	1.33169	0.22919
0.58	1.33052	0.23063
0.581	1.32937	0.23221
0.582	1.32823	0.23395
0.583	1.3271	0.23583
0.584	1.32599	0.23787
0.585	1.32489	0.24005
0.586	1.32381	0.24239
0.587	1.32273	0.24482
0.588	1.32168	0.2473
0.589	1.32064	0.24983
0.59	1.31962	0.25232
0.591	1.31862	0.25471
0.592	1.31763	0.257
0.593	1.31667	0.2592
0.594	1.31573	0.2613
0.595	1.31481	0.2633
0.596	1.31391	0.26521
0.597	1.31304	0.26702
0.598	1.3122	0.26883
0.599	1.31138	0.27083
0.6	1.3106	0.27301
0.601	1.30984	0.27536
0.602	1.30911	0.2779
0.603	1.30842	0.28061
0.604	1.30776	0.28351
0.605	1.30713	0.28657
0.606	1.30653	0.28975
0.607	1.30596	0.29307
0.608	1.30543	0.29651
0.609	1.30493	0.30004
0.61	1.30447	0.30351
0.611	1.30404	0.30694
0.612	1.30364	0.31031
0.613	1.30328	0.31366
0.614	1.30295	0.31703
0.615	1.30265	0.32045
0.616	1.30239	0.32392
0.617	1.30216	0.32747
0.618	1.30197	0.33114
0.619	1.30181	0.33496
0.62	1.30169	0.33893
0.621	1.3016	0.34305
0.622	1.30154	0.34733
0.623	1.30152	0.35164
0.624	1.30153	0.35587
0.625	1.30158	0.35994
0.626	1.30165	0.36387
0.627	1.30176	0.36764
0.628	1.3019	0.37126
0.629	1.30207	0.37471
0.63	1.30226	0.37794
0.631	1.30249	0.38096
0.632	1.30274	0.3838
0.633	1.30303	0.38646
0.634	1.30334	0.38905
0.635	1.30367	0.39167
0.636	1.30404	0.39432
0.637	1.30443	0.397
0.638	1.30484	0.39972
0.639	1.30528	0.40245
0.64	1.30575	0.40517
0.641	1.30624	0.40789
0.642	1.30675	0.41057
0.643	1.30729	0.41322
0.644	1.30785	0.41582
0.645	1.30843	0.41838
0.646	1.30904	0.42089
0.647	1.30966	0.42337
0.648	1.31031	0.4258
0.649	1.31097	0.42815
0.65	1.31165	0.43043
0.651	1.31235	0.43265
0.652	1.31307	0.43482
0.653	1.3138	0.43693
0.654	1.31454	0.43902
0.655	1.3153	0.44109
0.656	1.31607	0.44316
0.657	1.31685	0.44521
0.658	1.31764	0.44724
0.659	1.31843	0.44926
0.66	1.31924	0.45128
0.661	1.32005	0.45324
0.662	1.32087	0.45515
0.663	1.3217	0.45701
0.664	1.32253	0.45881
0.665	1.32337	0.46052
0.666	1.32421	0.46213
0.667	1.32506	0.46363
0.668	1.32592	0.46503
0.669	1.32679	0.46633
0.67	1.32767	0.46752
0.671	1.32857	0.46863
0.672	1.32948	0.46973
0.673	1.33042	0.47091
0.674	1.33137	0.47235
0.675	1.33236	0.47407
0.676	1.33337	0.47606
0.677	1.33442	0.47833
0.678	1.3355	0.48084
0.679	1.33662	0.48355
0.68	1.33778	0.48646
0.681	1.33899	0.48957
0.682	1.34025	0.49289
0.683	1.34156	0.4964
0.684	1.34292	0.50001
0.685	1.34435	0.50352
0.686	1.34583	0.50694
0.687	1.34738	0.51027
0.688	1.34899	0.5135
0.689	1.35068	0.51667
0.69	1.35243	0.51983
0.691	1.35426	0.52299
0.692	1.35616	0.52631
0.693	1.35814	0.52978
0.694	1.36021	0.53342
0.695	1.36235	0.53723
0.696	1.36459	0.5412
0.697	1.36691	0.54524
0.698	1.36932	0.54937
0.699	1.37182	0.55358
0.7	1.37442	0.55786
0.701	1.3771	0.56223
0.702	1.37988	0.56666
0.703	1.38275	0.57133
0.704	1.38571	0.5763
0.705	1.38876	0.58121
0.706	1.3919	0.58607
0.707	1.39512	0.59089
0.708	1.39842	0.59564
0.709	1.4018	0.60029
0.71	1.40525	0.60485
0.711	1.40878	0.60931
0.712	1.41238	0.61368
0.713	1.41604	0.61777
0.714	1.41975	0.62126
0.715	1.42352	0.62409
0.716	1.42734	0.62661
0.717	1.4312	0.62882
0.718	1.4351	0.63072
0.719	1.43903	0.63243
0.72	1.44298	0.63396
0.721	1.44694	0.63532
0.722	1.45092	0.6365
0.723	1.4549	0.63751
0.724	1.45888	0.6384
0.725	1.46284	0.63912
0.726	1.46678	0.63967
0.727	1.4707	0.64004
0.728	1.47458	0.64025
0.729	1.47842	0.64028
0.73	1.48221	0.64013
0.731	1.48595	0.63982
0.732	1.48962	0.63933
0.733	1.49322	0.63867
0.734	1.49674	0.63768
0.735	1.50017	0.63648
0.736	1.50352	0.63512
0.737	1.50676	0.63318
0.738	1.50991	0.6306
0.739	1.51295	0.628
0.74	1.51587	0.62539
0.741	1.51868	0.62276
0.742	1.52136	0.62011
0.743	1.52392	0.61745
0.744	1.52635	0.61477
0.745	1.52864	0.61223
0.746	1.53079	0.60984
0.747	1.5328	0.6072
0.748	1.53467	0.60473
0.749	1.53639	0.6025
0.75	1.53796	0.60001
0.751	1.53938	0.59731
0.752	1.54065	0.59443
0.753	1.54176	0.59139
0.754	1.54273	0.58817
0.755	1.54353	0.58478
0.756	1.54419	0.58115
0.757	1.54469	0.57714
0.758	1.54504	0.57314
0.759	1.54524	0.56915
0.76	1.5453	0.56546
0.761	1.54521	0.56197
0.762	1.54498	0.55861
0.763	1.54463	0.55535
0.764	1.54414	0.55219
0.765	1.54353	0.54912
0.766	1.54281	0.54618
0.767	1.54198	0.54356
0.768	1.54105	0.54143
0.769	1.54003	0.53978
0.77	1.53893	0.5386
0.771	1.53775	0.5376
0.772	1.53651	0.53676
0.773	1.53521	0.53614
0.774	1.53386	0.53576
0.775	1.53248	0.53561
0.776	1.53107	0.53569
0.777	1.52963	0.53598
0.778	1.52819	0.53634
0.779	1.52675	0.53681
0.78	1.52531	0.53764
0.781	1.52389	0.53883
0.782	1.52249	0.54037
0.783	1.52111	0.54226
0.784	1.51977	0.54447
0.785	1.51847	0.54697
0.786	1.51721	0.54976
0.787	1.516	0.55293
0.788	1.51484	0.55717
0.789	1.51375	0.56207
0.79	1.51272	0.56718
0.791	1.51175	0.57225
0.792	1.51085	0.57728
0.793	1.51003	0.58229
0.794	1.50928	0.58719
0.795	1.50862	0.59193
0.796	1.50803	0.59652
0.797	1.50753	0.60095
0.798	1.50711	0.60515
0.799	1.50679	0.60842
0.8	1.50656	0.61116
0.801	1.50643	0.61383
0.802	1.5064	0.61641
0.803	1.50647	0.61891
0.804	1.50664	0.62153
0.805	1.50692	0.62435
0.806	1.5073	0.62743
0.807	1.50778	0.63077
0.808	1.50837	0.63435
0.809	1.50907	0.63805
0.81	1.50987	0.64186
0.811	1.51077	0.64578
0.812	1.51178	0.64977
0.813	1.51289	0.65384
0.814	1.5141	0.65797
0.815	1.51541	0.66199
0.816	1.51682	0.66586
0.817	1.51833	0.66968
0.818	1.51993	0.67344
0.819	1.52162	0.67715
0.82	1.52339	0.68086
0.821	1.52525	0.68452
0.822	1.52719	0.68814
0.823	1.52921	0.69171
0.824	1.5313	0.69523
0.825	1.53345	0.69882
0.826	1.53567	0.70251
0.827	1.53794	0.70627
0.828	1.54027	0.71019
0.829	1.54265	0.71435
0.83	1.54507	0.71825
0.831	1.54753	0.72197
0.832	1.55002	0.72554
0.833	1.55254	0.72898
0.834	1.5551	0.73228
0.835	1.55768	0.73544
0.836	1.56028	0.73835
0.837	1.56291	0.74098
0.838	1.56555	0.7434
0.839	1.56822	0.74547
0.84	1.5709	0.7471
0.841	1.5736	0.74879
0.842	1.57631	0.75054
0.843	1.57905	0.75236
0.844	1.58179	0.75424
0.845	1.58455	0.75617
0.846	1.58733	0.75817
0.847	1.59012	0.76022
0.848	1.59292	0.76234
0.849	1.59573	0.76445
0.85	1.59856	0.76655
0.851	1.6014	0.76864
0.852	1.60425	0.77072
0.853	1.60711	0.77286
0.854	1.60998	0.77508
0.855	1.61287	0.77738
0.856	1.61576	0.77976
0.857	1.61866	0.78221
0.858	1.62157	0.78456
0.859	1.6245	0.78681
0.86	1.62743	0.78895
0.861	1.63036	0.79098
0.862	1.63331	0.79292
0.863	1.63625	0.79476
0.864	1.63921	0.79645
0.865	1.64216	0.79797
0.866	1.64512	0.79932
0.867	1.64807	0.80049
0.868	1.65103	0.80151
0.869	1.65399	0.80254
0.87	1.65694	0.8036
0.871	1.6599	0.80479
0.872	1.66285	0.8061
0.873	1.6658	0.80755
0.874	1.66875	0.8091
0.875	1.67171	0.81078
0.876	1.67467	0.81256
0.877	1.67763	0.81446
0.878	1.6806	0.81648
0.879	1.68358	0.8183
0.88	1.68658	0.81991
0.881	1.68958	0.82132
0.882	1.69259	0.82266
0.883	1.69562	0.82402
0.884	1.69866	0.82539
0.885	1.70172	0.82679
0.886	1.70478	0.82821
0.887	1.70786	0.82965
0.888	1.71094	0.83112
0.889	1.71404	0.8326
0.89	1.71715	0.83441
0.891	1.72027	0.83656
0.892	1.7234	0.83903
0.893	1.72654	0.84157
0.894	1.72969	0.84409
0.895	1.73285	0.8466
0.896	1.73602	0.84908
0.897	1.7392	0.85155
0.898	1.7424	0.854
0.899	1.74562	0.85643
0.9	1.74886	0.85884
0.901	1.75211	0.86127
0.902	1.7554	0.86381
0.903	1.7587	0.86647
0.904	1.76204	0.86926
0.905	1.76541	0.87217
0.906	1.76882	0.8752
0.907	1.77226	0.87836
0.908	1.77574	0.88143
0.909	1.77926	0.88437
0.91	1.78283	0.88717
0.911	1.78644	0.88984
0.912	1.7901	0.89234
0.913	1.79382	0.89457
0.914	1.7976	0.89661
0.915	1.80143	0.89857
0.916	1.80533	0.90047
0.917	1.8093	0.90229
0.918	1.81334	0.90403
0.919	1.81746	0.90585
0.92	1.82165	0.90771
0.921	1.82591	0.90961
0.922	1.83026	0.91156
0.923	1.83469	0.91354
0.924	1.83921	0.91557
0.925	1.84381	0.91758
0.926	1.84849	0.91944
0.927	1.85326	0.92116
0.928	1.85812	0.92282
0.929	1.86307	0.92443
0.93	1.86811	0.92605
0.931	1.87324	0.92777
0.932	1.87845	0.92957
0.933	1.88376	0.93147
0.934	1.88916	0.93346
0.935	1.89465	0.93554
0.936	1.90023	0.93772
0.937	1.9059	0.93995
0.938	1.91165	0.94217
0.939	1.91749	0.94427
0.94	1.92342	0.94626
0.941	1.92944	0.94814
0.942	1.93555	0.9499
0.943	1.94174	0.95155
0.944	1.94803	0.95308
0.945	1.95441	0.9545
0.946	1.96089	0.95581
0.947	1.96745	0.957
0.948	1.97411	0.95811
0.949	1.98087	0.95921
0.95	1.98772	0.9603
0.951	1.99466	0.96133
0.952	2.00169	0.9623
0.953	2.00881	0.96321
0.954	2.01602	0.96405
0.955	2.02332	0.96484
0.956	2.03069	0.96557
0.957	2.03815	0.9662
0.958	2.04568	0.96674
0.959	2.05328	0.96717
0.96	2.06095	0.9675
0.961	2.06868	0.96775
0.962	2.07647	0.96796
0.963	2.08432	0.96813
0.964	2.09221	0.96826
0.965	2.10015	0.9683
0.966	2.10814	0.96824
0.967	2.11616	0.96807
0.968	2.12421	0.96783
0.969	2.13228	0.96753
0.97	2.14039	0.96716
0.971	2.14851	0.96673
0.972	2.15665	0.96624
0.973	2.16481	0.96523
0.974	2.17298	0.96342
0.975	2.18116	0.96148
0.976	2.18934	0.95946
0.977	2.19754	0.95738
0.978	2.20574	0.95525
0.979	2.21394	0.95306
0.98	2.22215	0.95082
0.981	2.23035	0.9484
0.982	2.23855	0.94568
0.983	2.24675	0.94266
0.984	2.25493	0.93979
0.985	2.26311	0.93737
0.986	2.27127	0.93471
0.987	2.27942	0.93181
0.988	2.28754	0.92868
0.989	2.29563	0.9253
0.99	2.30369	0.92168
0.991	2.31172	0.91781
0.992	2.3197	0.91383
0.993	2.32765	0.90985
0.994	2.33554	0.90566
0.995	2.34339	0.90111
0.996	2.35118	0.89618
0.997	2.35891	0.89089
0.998	2.36658	0.88522
0.999	2.37417	0.87918
1	2.3817	0.87276
1.001	2.38914	0.86598
1.002	2.3965	0.85883
1.003	2.40377	0.8513
1.004	2.41095	0.84341
1.005	2.41802	0.83534
1.006	2.425	0.82727
1.007	2.43186	0.8192
1.008	2.43861	0.81114
1.009	2.44524	0.80307
1.01	2.45175	0.795
1.011	2.45812	0.78693
1.012	2.46437	0.77892
1.013	2.47047	0.77108
1.014	2.47643	0.7634
1.015	2.48224	0.75586
1.016	2.4879	0.74791
1.017	2.49339	0.73955
1.018	2.49873	0.7308
1.019	2.50389	0.72165
1.02	2.50888	0.71209
1.021	2.51369	0.70214
1.022	2.51833	0.69178
1.023	2.52278	0.68096
1.024	2.52704	0.66988
1.025	2.53111	0.65852
1.026	2.53498	0.64694
1.027	2.53866	0.63566
1.028	2.54214	0.62469
1.029	2.54542	0.61401
1.03	2.54849	0.60364
1.031	2.55135	0.59358
1.032	2.554	0.58381
1.033	2.55644	0.57435
1.034	2.55867	0.56519
1.035	2.56068	0.55603
1.036	2.56248	0.54688
1.037	2.56408	0.53772
1.038	2.56546	0.52857
1.039	2.56663	0.51942
1.04	2.56761	0.51026
1.041	2.56838	0.50111
1.042	2.56896	0.49195
1.043	2.56935	0.4828
1.044	2.56954	0.47365
1.045	2.56956	0.46436
1.046	2.5694	0.45494
1.047	2.56907	0.44537
1.048	2.56857	0.43566
1.049	2.5679	0.42582
1.05	2.56708	0.41583
1.051	2.5661	0.40569
1.052	2.56498	0.39542
1.053	2.5637	0.38526
1.054	2.56229	0.37528
1.055	2.56073	0.36547
1.056	2.55904	0.35597
1.057	2.55722	0.34678
1.058	2.55526	0.33791
1.059	2.55317	0.32935
1.06	2.55096	0.32112
1.061	2.54861	0.31319
1.062	2.54615	0.30559
1.063	2.54356	0.2983
1.064	2.54086	0.29107
1.065	2.53804	0.28384
1.066	2.53512	0.27661
1.067	2.53208	0.26938
1.068	2.52895	0.26215
1.069	2.52572	0.25492
1.07	2.5224	0.24769
1.071	2.51899	0.24046
1.072	2.5155	0.23324
1.073	2.51193	0.22601
1.074	2.50828	0.21878
1.075	2.50457	0.21155
1.076	2.50079	0.20432
1.077	2.49695	0.19722
1.078	2.49305	0.19038
1.079	2.4891	0.1838
1.08	2.48511	0.17747
1.081	2.48106	0.1714
1.082	2.47698	0.16559
1.083	2.47285	0.16004
1.084	2.46868	0.15474
1.085	2.46449	0.1497
1.086	2.46025	0.14492
1.087	2.45599	0.1404
1.088	2.4517	0.136
1.089	2.44739	0.13168
1.09	2.44305	0.12747
1.091	2.43868	0.12336
1.092	2.4343	0.11936
1.093	2.42989	0.11546
1.094	2.42546	0.11167
1.095	2.42101	0.10798
1.096	2.41655	0.1044
1.097	2.41207	0.10092
1.098	2.40758	0.09753
1.099	2.40307	0.09406
1.1	2.39855	0.09043
1.101	2.39403	0.08662
1.102	2.38949	0.08286
1.103	2.38494	0.07924
1.104	2.3804	0.07574
1.105	2.37585	0.07238
1.106	2.3713	0.06913
1.107	2.36676	0.06602
1.108	2.36223	0.06303
1.109	2.35771	0.06018
1.11	2.35321	0.05765
1.111	2.34873	0.05544
1.112	2.34427	0.05357
1.113	2.33984	0.05181
1.114	2.33543	0.05009
1.115	2.33106	0.0484
1.116	2.32672	0.04676
1.117	2.32242	0.04515
1.118	2.31817	0.04358
1.119	2.31395	0.04205
1.12	2.30978	0.04066
1.121	2.30566	0.03939
1.122	2.30159	0.03825
1.123	2.29758	0.03721
1.124	2.29362	0.03625
1.125	2.28971	0.03539
1.126	2.28587	0.03463
1.127	2.28208	0.03396
1.128	2.27835	0.03338
1.129	2.27469	0.03289
1.13	2.27108	0.03249
1.131	2.26754	0.0321
1.132	2.26405	0.03171
1.133	2.26062	0.03131
1.134	2.25725	0.03093
1.135	2.25394	0.03056
1.136	2.25068	0.03021
1.137	2.24748	0.02988
1.138	2.24433	0.02956
1.139	2.24123	0.02926
1.14	2.23818	0.02898
1.141	2.23519	0.02872
1.142	2.23224	0.02848
1.143	2.22935	0.02825
1.144	2.2265	0.02805
1.145	2.22371	0.02785
1.146	2.22097	0.02765
1.147	2.21827	0.02746
1.148	2.21563	0.02726
1.149	2.21304	0.02706
1.15	2.21049	0.02687
1.151	2.20799	0.02667
1.152	2.20554	0.02648
1.153	2.20314	0.02628
1.154	2.20077	0.02609
1.155	2.19846	0.02589
1.156	2.19637	0.0257
1.157	2.19432	0.02551
1.158	2.19231	0.02532
1.159	2.19032	0.02512
1.16	2.18836	0.02493
1.161	2.18641	0.02474
1.162	2.18447	0.02455
1.163	2.18253	0.02436
1.164	2.18061	0.02417
1.165	2.17868	0.02399
1.166	2.17677	0.02382
1.167	2.17485	0.02365
1.168	2.17294	0.02349
1.169	2.17104	0.02333
1.17	2.16913	0.02318
1.171	2.16723	0.02303
1.172	2.16533	0.02289
1.173	2.16343	0.02276
1.174	2.16153	0.02263
1.175	2.15964	0.02251
1.176	2.15775	0.02238
1.177	2.15586	0.02226
1.178	2.15397	0.02213
1.179	2.15208	0.022
1.18	2.1502	0.02188
1.181	2.14831	0.02175
1.182	2.14643	0.02162
1.183	2.14455	0.0215
1.184	2.14268	0.02137
1.185	2.1408	0.02125
1.186	2.13893	0.02112
1.187	2.13706	0.02099
1.188	2.13519	0.02087
1.189	2.13333	0.02074
1.19	2.13147	0.02062
1.191	2.12962	0.02049
1.192	2.12776	0.02036
1.193	2.12592	0.02024
1.194	2.12407	0.02011
1.195	2.12223	0.01999
1.196	2.1204	0.01986
1.197	2.11856	0.01973
1.198	2.11674	0.01961
1.199	2.11491	0.01948
1.2	2.11309	0.01935