0.3	1.88423	0.47668
0.301	1.88334	0.472
0.302	1.88263	0.46766
0.303	1.88209	0.46366
0.304	1.8817	0.45996
0.305	1.88145	0.45655
0.306	1.88133	0.4534
0.307	1.88133	0.45049
0.308	1.88143	0.4478
0.309	1.88164	0.4453
0.31	1.88192	0.44298
0.311	1.88228	0.44081
0.312	1.8827	0.43878
0.313	1.88317	0.43685
0.314	1.88368	0.43501
0.315	1.88421	0.43323
0.316	1.88476	0.4315
0.317	1.88532	0.42979
0.318	1.88586	0.42808
0.319	1.88639	0.42634
0.32	1.88688	0.42456
0.321	1.88733	0.42272
0.322	1.88773	0.42079
0.323	1.88806	0.4188
0.324	1.88832	0.41673
0.325	1.88848	0.41459
0.326	1.88855	0.41238
0.327	1.8885	0.41011
0.328	1.88834	0.40778
0.329	1.88806	0.40538
0.33	1.8877	0.40293
0.331	1.88727	0.40041
0.332	1.8868	0.39785
0.333	1.88631	0.39523
0.334	1.88581	0.39257
0.335	1.88534	0.38985
0.336	1.88491	0.3871
0.337	1.88454	0.38431
0.338	1.88426	0.38149
0.339	1.88408	0.37864
0.34	1.88399	0.37576
0.341	1.88397	0.37286
0.342	1.884	0.36995
0.343	1.88407	0.36702
0.344	1.88415	0.36408
0.345	1.88422	0.36113
0.346	1.88426	0.35819
0.347	1.88426	0.35524
0.348	1.88419	0.35232
0.349	1.88405	0.34942
0.35	1.88384	0.34658
0.351	1.88358	0.3438
0.352	1.88327	0.34111
0.353	1.88293	0.33852
0.354	1.88256	0.33605
0.355	1.88217	0.33373
0.356	1.88178	0.33156
0.357	1.88139	0.32956
0.358	1.88101	0.32775
0.359	1.88065	0.3261
0.36	1.88032	0.32452
0.361	1.88004	0.32293
0.362	1.8798	0.32126
0.363	1.87959	0.31944
0.364	1.87938	0.31738
0.365	1.87916	0.31501
0.366	1.87888	0.31226
0.367	1.87853	0.30903
0.368	1.87808	0.30527
0.369	1.8775	0.30089
0.37	1.87677	0.29581
0.371	1.87586	0.29019
0.372	1.87474	0.28444
0.373	1.87339	0.27897
0.374	1.87186	0.274
0.375	1.87015	0.2695
0.376	1.8683	0.26543
0.377	1.86634	0.26175
0.378	1.86431	0.25842
0.379	1.86222	0.25539
0.38	1.86011	0.25263
0.381	1.858	0.25008
0.382	1.85594	0.24771
0.383	1.85394	0.24548
0.384	1.85203	0.24334
0.385	1.85023	0.24126
0.386	1.84849	0.23918
0.387	1.8467	0.23707
0.388	1.84479	0.23489
0.389	1.84268	0.23259
0.39	1.84028	0.23013
0.391	1.8375	0.22751
0.392	1.83431	0.22478
0.393	1.83082	0.22197
0.394	1.82722	0.21913
0.395	1.82366	0.2163
0.396	1.82033	0.21351
0.397	1.81737	0.21082
0.398	1.8148	0.20825
0.399	1.81257	0.20587
0.4	1.81063	0.20369
0.401	1.80894	0.20178
0.402	1.80744	0.2001
0.403	1.80609	0.19866
0.404	1.80483	0.19743
0.405	1.80361	0.19638
0.406	1.80239	0.1955
0.407	1.80111	0.19477
0.408	1.79973	0.19415
0.409	1.79824	0.19364
0.41	1.79662	0.19321
0.411	1.79486	0.19285
0.412	1.79296	0.19252
0.413	1.79092	0.19221
0.414	1.78871	0.1919
0.415	1.78634	0.19157
0.416	1.7838	0.19123
0.417	1.78107	0.19089
0.418	1.77817	0.19055
0.419	1.7751	0.19023
0.42	1.7719	0.18992
0.421	1.76857	0.18965
0.422	1.76514	0.18941
0.423	1.76162	0.18922
0.424	1.75803	0.18908
0.425	1.75438	0.189
0.426	1.75071	0.189
0.427	1.74702	0.18908
0.428	1.74334	0.18924
0.429	1.73967	0.18949
0.43	1.73605	0.18983
0.431	1.73246	0.19026
0.432	1.72891	0.19075
0.433	1.7254	0.19131
0.434	1.72193	0.19193
0.435	1.71851	0.1926
0.436	1.71514	0.19332
0.437	1.71181	0.19408
0.438	1.70853	0.19487
0.439	1.7053	0.19568
0.44	1.70213	0.19651
0.441	1.69901	0.19736
0.442	1.69595	0.19821
0.443	1.69295	0.19905
0.444	1.69001	0.19989
0.445	1.68713	0.20071
0.446	1.68432	0.20152
0.447	1.68159	0.2023
0.448	1.67892	0.20308
0.449	1.67633	0.20385
0.45	1.67382	0.20462
0.451	1.67139	0.2054
0.452	1.66904	0.20618
0.453	1.66678	0.20698
0.454	1.6646	0.2078
0.455	1.66251	0.20865
0.456	1.6605	0.20953
0.457	1.65856	0.21044
0.458	1.65669	0.21139
0.459	1.65489	0.21238
0.46	1.65314	0.21343
0.461	1.65145	0.21451
0.462	1.6498	0.21564
0.463	1.6482	0.2168
0.464	1.64664	0.21801
0.465	1.64511	0.21924
0.466	1.64361	0.22051
0.467	1.64213	0.22181
0.468	1.64067	0.22313
0.469	1.63922	0.22447
0.47	1.63778	0.22584
0.471	1.63635	0.22722
0.472	1.63491	0.22863
0.473	1.63346	0.23004
0.474	1.632	0.23147
0.475	1.63053	0.2329
0.476	1.62902	0.23435
0.477	1.62749	0.23582
0.478	1.62592	0.2373
0.479	1.62432	0.23882
0.48	1.62266	0.24036
0.481	1.62096	0.24194
0.482	1.6192	0.24355
0.483	1.61738	0.24521
0.484	1.61553	0.24692
0.485	1.61366	0.24868
0.486	1.61179	0.25049
0.487	1.60994	0.25237
0.488	1.60813	0.25431
0.489	1.60636	0.25631
0.49	1.60468	0.25838
0.491	1.60308	0.2605
0.492	1.60159	0.26268
0.493	1.60022	0.26491
0.494	1.59897	0.26719
0.495	1.59781	0.26952
0.496	1.59672	0.27189
0.497	1.59568	0.27429
0.498	1.59467	0.27671
0.499	1.59366	0.27913
0.5	1.59262	0.28155
0.501	1.59155	0.28394
0.502	1.5904	0.2863
0.503	1.58917	0.28861
0.504	1.58782	0.29085
0.505	1.58634	0.29302
0.506	1.58469	0.2951
0.507	1.58287	0.29707
0.508	1.58084	0.29893
0.509	1.57864	0.30065
0.51	1.5763	0.30224
0.511	1.57386	0.3037
0.512	1.57137	0.30507
0.513	1.56886	0.30636
0.514	1.56638	0.30761
0.515	1.56397	0.30883
0.516	1.56166	0.31006
0.517	1.55951	0.31131
0.518	1.55755	0.31261
0.519	1.55581	0.31399
0.52	1.55435	0.31548
0.521	1.55316	0.31709
0.522	1.55222	0.31885
0.523	1.55149	0.32074
0.524	1.55095	0.32275
0.525	1.55057	0.32485
0.526	1.55032	0.327
0.527	1.55018	0.3292
0.528	1.55012	0.3314
0.529	1.55011	0.33358
0.53	1.55012	0.33572
0.531	1.55013	0.3378
0.532	1.5501	0.33978
0.533	1.55001	0.34164
0.534	1.54978	0.34341
0.535	1.54937	0.34512
0.536	1.54871	0.34681
0.537	1.54774	0.3485
0.538	1.54639	0.35025
0.539	1.54461	0.35209
0.54	1.54233	0.35404
0.541	1.5395	0.35616
0.542	1.53605	0.35847
0.543	1.53192	0.36102
0.544	1.52705	0.36384
0.545	1.52144	0.36696
0.546	1.51525	0.37037
0.547	1.50872	0.37404
0.548	1.50209	0.37791
0.549	1.49556	0.38194
0.55	1.48939	0.38609
0.551	1.48378	0.3903
0.552	1.47883	0.39454
0.553	1.47441	0.39875
0.554	1.47037	0.40289
0.555	1.46655	0.40699
0.556	1.46281	0.41116
0.557	1.45898	0.41553
0.558	1.45494	0.42022
0.559	1.45058	0.42537
0.56	1.44588	0.43109
0.561	1.44079	0.43751
0.562	1.43528	0.44475
0.563	1.42931	0.45295
0.564	1.42297	0.46235
0.565	1.41662	0.47353
0.566	1.41068	0.48713
0.567	1.40559	0.50377
0.568	1.4016	0.52394
0.569	1.39856	0.54631
0.57	1.39628	0.56839
0.571	1.39455	0.58768
0.572	1.39318	0.60312
0.573	1.392	0.61535
0.574	1.39117	0.62515
0.575	1.39104	0.63329
0.576	1.39195	0.64051
0.577	1.39424	0.64759
0.578	1.39827	0.65489
0.579	1.4041	0.66237
0.58	1.41136	0.66994
0.581	1.41955	0.67752
0.582	1.42824	0.68504
0.583	1.43695	0.6924
0.584	1.44525	0.69954
0.585	1.45291	0.70637
0.586	1.45981	0.7128
0.587	1.46581	0.71877
0.588	1.47085	0.72418
0.589	1.47526	0.72897
0.59	1.47952	0.73312
0.591	1.48416	0.73682
0.592	1.48966	0.74024
0.593	1.49653	0.74359
0.594	1.50527	0.74704
0.595	1.51575	0.75079
0.596	1.52607	0.75502
0.597	1.53403	0.75993
0.598	1.53873	0.7657
0.599	1.54111	0.77252
0.6	1.54222	0.78058
0.601	1.54309	0.79007
0.602	1.5448	0.80106
0.603	1.54839	0.81271
0.604	1.55482	0.82379
0.605	1.56406	0.83327
0.606	1.57546	0.84196
0.607	1.58834	0.85145
0.608	1.60205	0.863
0.609	1.61592	0.87535
0.61	1.62935	0.88616
0.611	1.64186	0.89319
0.612	1.65302	0.89612
0.613	1.66237	0.89623
0.614	1.66946	0.89484
0.615	1.67458	0.89327
0.616	1.68441	0.89284
0.617	1.70894	0.89489
0.618	1.75035	0.90072
0.619	1.7843	0.91168
0.62	1.80315	0.92898
0.621	1.8104	0.949
0.622	1.80958	0.96233
0.623	1.80396	0.96766
0.624	1.79676	0.96702
0.625	1.7912	0.96241
0.626	1.7905	0.95586
0.627	1.79787	0.94938
0.628	1.81655	0.94458
0.629	1.84974	0.9408
0.63	1.89729	0.93656
0.631	1.93807	0.93051
0.632	1.9583	0.92285
0.633	1.9668	0.91488
0.634	1.97306	0.90792
0.635	1.98018	0.90327
0.636	1.989	0.90097
0.637	2.00036	0.89777
0.638	2.01496	0.88994
0.639	2.03196	0.87376
0.64	2.04949	0.84583
0.641	2.06577	0.81365
0.642	2.07959	0.79407
0.643	2.08992	0.78614
0.644	2.09637	0.78317
0.645	2.10002	0.77849
0.646	2.10213	0.76567
0.647	2.104	0.74549
0.648	2.10689	0.72577
0.649	2.11163	0.7097
0.65	2.11705	0.69817
0.651	2.1215	0.69035
0.652	2.12392	0.68518
0.653	2.12444	0.68157
0.654	2.12332	0.67605
0.655	2.12083	0.64311
0.656	2.11723	0.58756
0.657	2.1128	0.58662
0.658	2.10778	0.61633
0.659	2.10242	0.61194
0.66	2.09696	0.58029
0.661	2.09166	0.54624
0.662	2.08675	0.52896
0.663	2.08212	0.52538
0.664	2.07705	0.52704
0.665	2.07083	0.52707
0.666	2.06375	0.52452
0.667	2.05685	0.51983
0.668	2.05103	0.51345
0.669	2.04616	0.50583
0.67	2.04169	0.49743
0.671	2.03709	0.48867
0.672	2.03183	0.48002
0.673	2.02538	0.47185
0.674	2.01719	0.46444
0.675	2.00714	0.45804
0.676	1.9961	0.45279
0.677	1.98512	0.44864
0.678	1.97524	0.44553
0.679	1.96712	0.44338
0.68	1.96055	0.44214
0.681	1.95517	0.44174
0.682	1.95062	0.4421
0.683	1.94656	0.44316
0.684	1.94264	0.44486
0.685	1.9385	0.44712
0.686	1.93389	0.44989
0.687	1.92873	0.45309
0.688	1.923	0.45665
0.689	1.91663	0.46051
0.69	1.90958	0.46461
0.691	1.90182	0.46887
0.692	1.89331	0.47323
0.693	1.88419	0.47762
0.694	1.87477	0.48197
0.695	1.86539	0.48622
0.696	1.85636	0.4903
0.697	1.8479	0.4942
0.698	1.84012	0.49817
0.699	1.83314	0.50256
0.7	1.82708	0.50774
0.701	1.8219	0.51406
0.702	1.81731	0.52164
0.703	1.813	0.52999
0.704	1.80869	0.53853
0.705	1.80421	0.54671
0.706	1.79968	0.55398
0.707	1.7952	0.56022
0.708	1.79089	0.56559
0.709	1.78687	0.57025
0.71	1.78323	0.57436
0.711	1.78011	0.57807
0.712	1.77761	0.58154
0.713	1.77579	0.58493
0.714	1.7746	0.5884
0.715	1.77395	0.59211
0.716	1.77375	0.59622
0.717	1.77393	0.60088
0.718	1.7744	0.60625
0.719	1.77509	0.61239
0.72	1.7759	0.61916
0.721	1.77676	0.62638
0.722	1.77758	0.63387
0.723	1.77828	0.64147
0.724	1.77885	0.649
0.725	1.77936	0.65629
0.726	1.77987	0.66317
0.727	1.78045	0.66966
0.728	1.78115	0.67583
0.729	1.78205	0.68177
0.73	1.78321	0.68756
0.731	1.78469	0.69328
0.732	1.78656	0.69901
0.733	1.78886	0.70484
0.734	1.79152	0.71084
0.735	1.79445	0.71711
0.736	1.79754	0.72372
0.737	1.80072	0.73074
0.738	1.8039	0.73812
0.739	1.80697	0.74574
0.74	1.80985	0.7535
0.741	1.81246	0.76128
0.742	1.81478	0.76898
0.743	1.81682	0.77648
0.744	1.81858	0.78368
0.745	1.82008	0.79047
0.746	1.82132	0.79673
0.747	1.8223	0.80236
0.748	1.82304	0.80724
0.749	1.82354	0.81128
0.75	1.82382	0.81465
0.751	1.82386	0.81774
0.752	1.82375	0.82093
0.753	1.82375	0.8246
0.754	1.82424	0.82916
0.755	1.82557	0.83496
0.756	1.82812	0.84198
0.757	1.83223	0.84993
0.758	1.83828	0.85849
0.759	1.84663	0.86736
0.76	1.85735	0.87623
0.761	1.86935	0.88479
0.762	1.8812	0.89297
0.763	1.8915	0.90098
0.764	1.89901	0.90906
0.765	1.9042	0.91746
0.766	1.90834	0.92641
0.767	1.91272	0.93616
0.768	1.91864	0.94667
0.769	1.92739	0.95721
0.77	1.94025	0.96694
0.771	1.95746	0.97529
0.772	1.97557	0.98243
0.773	1.99039	0.98862
0.774	1.99978	0.99413
0.775	2.00493	0.99922
0.776	2.00731	1.00417
0.777	2.00841	1.0092
0.778	2.00971	1.01435
0.779	2.01269	1.01962
0.78	2.01883	1.02498
0.781	2.02962	1.03043
0.782	2.04544	1.03595
0.783	2.06375	1.04153
0.784	2.08152	1.04716
0.785	2.09685	1.05282
0.786	2.10928	1.05851
0.787	2.11846	1.0642
0.788	2.12403	1.06989
0.789	2.12566	1.07557
0.79	2.12387	1.08122
0.791	2.12132	1.08683
0.792	2.12095	1.09239
0.793	2.12573	1.09788
0.794	2.13859	1.10325
0.795	2.1625	1.10841
0.796	2.20033	1.11323
0.797	2.24515	1.1176
0.798	2.27555	1.12139
0.799	2.29116	1.12451
0.8	2.2977	1.12682
0.801	2.29988	1.12822
0.802	2.30061	1.12858
0.803	2.30256	1.12779
0.804	2.30843	1.12574
0.805	2.3209	1.12231
0.806	2.342	1.11746
0.807	2.36876	1.11169
0.808	2.39587	1.10575
0.809	2.41921	1.10032
0.81	2.43856	1.09544
0.811	2.45453	1.09089
0.812	2.46816	1.08643
0.813	2.48116	1.08185
0.814	2.49527	1.07691
0.815	2.51223	1.07139
0.816	2.53224	1.06507
0.817	2.55332	1.05795
0.818	2.57339	1.05073
0.819	2.59123	1.04425
0.82	2.60626	1.03935
0.821	2.61815	1.03676
0.822	2.62793	1.03551
0.823	2.63707	1.03337
0.824	2.64707	1.02805
0.825	2.65942	1.01727
0.826	2.67554	0.99957
0.827	2.69462	0.97836
0.828	2.71314	0.95884
0.829	2.72812	0.94529
0.83	2.73956	0.93655
0.831	2.74838	0.92954
0.832	2.75549	0.92158
0.833	2.7618	0.91228
0.834	2.7682	0.90201
0.835	2.77529	0.89115
0.836	2.78337	0.87985
0.837	2.7927	0.86808
0.838	2.80358	0.85584
0.839	2.81628	0.84311
0.84	2.83063	0.82972
0.841	2.84476	0.81511
0.842	2.85642	0.79865
0.843	2.86451	0.77972
0.844	2.86997	0.75771
0.845	2.87394	0.73199
0.846	2.87755	0.70335
0.847	2.88147	0.67889
0.848	2.88558	0.66183
0.849	2.88971	0.64876
0.85	2.89368	0.63595
0.851	2.89733	0.61964
0.852	2.90048	0.59776
0.853	2.90295	0.57548
0.854	2.90457	0.5575
0.855	2.90524	0.54338
0.856	2.90501	0.53204
0.857	2.90399	0.52236
0.858	2.90228	0.51332
0.859	2.89998	0.50442
0.86	2.89719	0.49544
0.861	2.89401	0.48617
0.862	2.89054	0.47641
0.863	2.88688	0.46593
0.864	2.88312	0.45453
0.865	2.8793	0.44199
0.866	2.87541	0.42811
0.867	2.87142	0.4127
0.868	2.86734	0.39598
0.869	2.86315	0.37861
0.87	2.85884	0.36123
0.871	2.8544	0.3442
0.872	2.84981	0.32764
0.873	2.84507	0.31168
0.874	2.84017	0.29646
0.875	2.8351	0.28222
0.876	2.82994	0.26919
0.877	2.82478	0.25748
0.878	2.81975	0.24698
0.879	2.81494	0.23756
0.88	2.81046	0.2291
0.881	2.80629	0.22147
0.882	2.80224	0.21455
0.883	2.79805	0.2082
0.884	2.7935	0.20229
0.885	2.78836	0.19672
0.886	2.78239	0.19134
0.887	2.77535	0.18603
0.888	2.76703	0.18068
0.889	2.75785	0.17521
0.89	2.74917	0.16954
0.891	2.74233	0.16356
0.892	2.73739	0.15719
0.893	2.7334	0.15035
0.894	2.72945	0.14309
0.895	2.72458	0.13564
0.896	2.71785	0.12827
0.897	2.7089	0.12122
0.898	2.69879	0.11476
0.899	2.6888	0.10914
0.9	2.68021	0.10442
0.901	2.67377	0.10042
0.902	2.669	0.09694
0.903	2.66527	0.09379
0.904	2.66193	0.09077
0.905	2.65834	0.08767
0.906	2.65385	0.08431
0.907	2.64783	0.0805
0.908	2.64011	0.07623
0.909	2.63149	0.07163
0.91	2.62288	0.06681
0.911	2.61521	0.06188
0.912	2.60895	0.05697
0.913	2.60375	0.05218
0.914	2.59915	0.04764
0.915	2.59473	0.04347
0.916	2.59003	0.03976
0.917	2.58467	0.03657
0.918	2.57868	0.03384
0.919	2.57227	0.03152
0.92	2.56566	0.02955
0.921	2.55908	0.02788
0.922	2.55274	0.02646
0.923	2.54686	0.02523
0.924	2.54158	0.02414
0.925	2.53686	0.02313
0.926	2.5326	0.02215
0.927	2.5287	0.02115
0.928	2.52506	0.02011
0.929	2.52159	0.01905
0.93	2.51818	0.01797
0.931	2.51476	0.01688
0.932	2.5112	0.01578
0.933	2.50744	0.01468
0.934	2.50344	0.01359
0.935	2.49925	0.01252
0.936	2.4949	0.01146
0.937	2.49041	0.01044
0.938	2.48584	0.00945
0.939	2.4812	0.0085
0.94	2.47654	0.00759
0.941	2.47189	0.00675
0.942	2.46728	0.00596
0.943	2.46274	0.00525
0.944	2.4583	0.00461
0.945	2.45397	0.00404
0.946	2.44978	0.00354
0.947	2.44574	0.0031
0.948	2.44187	0.00273
0.949	2.4382	0.00241
0.95	2.43475	0.00213
0.951	2.43153	0.00191
0.952	2.42857	0.00172
0.953	2.42588	0.00157
0.954	2.42346	0.00145
0.955	2.42126	0.00136
0.956	2.41921	0.00129
0.957	2.41727	0.00123
0.958	2.41536	0.00119
0.959	2.41343	0.00115
0.96	2.41142	0.00112
0.961	2.40927	0.00109
0.962	2.40693	0.00106
0.963	2.40433	0.00102
0.964	2.40141	9.85838E-4
0.965	2.39813	9.47862E-4
0.966	2.39445	9.09064E-4
0.967	2.39047	8.69719E-4
0.968	2.38629	8.301E-4
0.969	2.38201	7.90483E-4
0.97	2.37775	7.51142E-4
0.971	2.3736	7.12352E-4
0.972	2.36967	6.74386E-4
0.973	2.36607	6.37519E-4
0.974	2.3629	6.02026E-4
0.975	2.36025	5.68181E-4
0.976	2.35811	5.36259E-4
0.977	2.35637	5.06534E-4
0.978	2.35493	4.79183E-4
0.979	2.3537	4.54163E-4
0.98	2.35257	4.314E-4
0.981	2.35144	4.10822E-4
0.982	2.35023	3.92352E-4
0.983	2.34881	3.75919E-4
0.984	2.34711	3.61447E-4
0.985	2.34507	3.48863E-4
0.986	2.34275	3.38093E-4
0.987	2.3402	3.29063E-4
0.988	2.3375	3.21699E-4
0.989	2.33471	3.15926E-4
0.99	2.3319	3.11673E-4
0.991	2.32913	3.08863E-4
0.992	2.32646	3.07424E-4
0.993	2.32397	3.07281E-4
0.994	2.32171	3.0836E-4
0.995	2.31975	3.10588E-4
0.996	2.31812	3.13891E-4
0.997	2.31678	3.18194E-4
0.998	2.31567	3.23424E-4
0.999	2.31477	3.29507E-4
1	2.31402	3.36369E-4
1.001	2.31337	3.43936E-4
1.002	2.3128	3.52134E-4
1.003	2.31224	3.60889E-4
1.004	2.31165	3.70127E-4
1.005	2.311	3.79774E-4
1.006	2.31024	3.89757E-4
1.007	2.30931	4.00002E-4
1.008	2.30819	4.10433E-4
1.009	2.30682	4.20978E-4
1.01	2.30516	4.31563E-4
1.011	2.3032	4.42114E-4
1.012	2.30097	4.52556E-4
1.013	2.29852	4.62817E-4
1.014	2.29588	4.72821E-4
1.015	2.29307	4.82495E-4
1.016	2.29015	4.91765E-4
1.017	2.28714	5.00557E-4
1.018	2.28408	5.08798E-4
1.019	2.28101	5.16416E-4
1.02	2.27795	5.23392E-4
1.021	2.27496	5.29744E-4
1.022	2.27206	5.35493E-4
1.023	2.2693	5.40661E-4
1.024	2.26669	5.45268E-4
1.025	2.26423	5.49334E-4
1.026	2.26193	5.5288E-4
1.027	2.25976	5.55927E-4
1.028	2.25772	5.58495E-4
1.029	2.2558	5.60605E-4
1.03	2.25399	5.62278E-4
1.031	2.25229	5.63534E-4
1.032	2.25068	5.64395E-4
1.033	2.24915	5.64879E-4
1.034	2.2477	5.6501E-4
1.035	2.24632	5.64806E-4
1.036	2.24499	5.64289E-4
1.037	2.24372	5.63479E-4
1.038	2.24248	5.62397E-4
1.039	2.24128	5.61063E-4
1.04	2.2401	5.59499E-4
1.041	2.23893	5.57725E-4
1.042	2.23777	5.55761E-4
1.043	2.2366	5.53628E-4
1.044	2.23542	5.51348E-4
1.045	2.23422	5.48939E-4
1.046	2.23301	5.46424E-4
1.047	2.23179	5.43823E-4
1.048	2.23055	5.41156E-4
1.049	2.2293	5.38444E-4
1.05	2.22804	5.35708E-4
1.051	2.22676	5.32968E-4
1.052	2.22548	5.30246E-4
1.053	2.22419	5.27561E-4
1.054	2.22288	5.24934E-4
1.055	2.22158	5.22387E-4
1.056	2.22026	5.19939E-4
1.057	2.21893	5.17612E-4
1.058	2.21761	5.15425E-4
1.059	2.21627	5.134E-4
1.06	2.21493	5.11557E-4
1.061	2.21359	5.09909E-4
1.062	2.21225	5.08448E-4
1.063	2.2109	5.07167E-4
1.064	2.20956	5.06058E-4
1.065	2.20821	5.05113E-4
1.066	2.20687	5.04325E-4
1.067	2.20552	5.03685E-4
1.068	2.20418	5.03185E-4
1.069	2.20284	5.02819E-4
1.07	2.20151	5.02577E-4
1.071	2.20018	5.02452E-4
1.072	2.19885	5.02436E-4
1.073	2.19753	5.0252E-4
1.074	2.19622	5.02699E-4
1.075	2.19491	5.02962E-4
1.076	2.19362	5.03303E-4
1.077	2.19233	5.03713E-4
1.078	2.19105	5.04185E-4
1.079	2.18978	5.0471E-4
1.08	2.18853	5.05282E-4
1.081	2.18728	5.05891E-4
1.082	2.18605	5.0653E-4
1.083	2.18482	5.07192E-4
1.084	2.18359	5.07868E-4
1.085	2.18238	5.0855E-4
1.086	2.18117	5.0923E-4
1.087	2.17996	5.09901E-4
1.088	2.17876	5.10555E-4
1.089	2.17756	5.11183E-4
1.09	2.17636	5.11779E-4
1.091	2.17516	5.12333E-4
1.092	2.17396	5.12845E-4
1.093	2.17275	5.13314E-4
1.094	2.17155	5.13742E-4
1.095	2.17034	5.14131E-4
1.096	2.16913	5.14482E-4
1.097	2.16792	5.14796E-4
1.098	2.16669	5.15073E-4
1.099	2.16546	5.15317E-4
1.1	2.16423	5.15527E-4
1.101	2.163	5.15705E-4
1.102	2.16176	5.15852E-4
1.103	2.16052	5.1597E-4
1.104	2.15929	5.1606E-4
1.105	2.15806	5.16122E-4
1.106	2.15683	5.16159E-4
1.107	2.15561	5.16172E-4
1.108	2.1544	5.16161E-4
1.109	2.15319	5.16128E-4
1.11	2.152	5.16075E-4
1.111	2.15082	5.16002E-4
1.112	2.14966	5.15912E-4
1.113	2.14851	5.15804E-4
1.114	2.14737	5.15681E-4
1.115	2.14626	5.15543E-4
1.116	2.14516	5.15392E-4
1.117	2.14409	5.15229E-4
1.118	2.14304	5.15056E-4
1.119	2.14202	5.14873E-4
1.12	2.14102	5.14682E-4
1.121	2.14005	5.14485E-4
1.122	2.1391	5.14282E-4
1.123	2.13819	5.14074E-4
1.124	2.13731	5.13864E-4
1.125	2.13645	5.13652E-4
1.126	2.13561	5.13439E-4
1.127	2.1348	5.13227E-4
1.128	2.13401	5.13017E-4
1.129	2.13323	5.1281E-4
1.13	2.13247	5.12608E-4
1.131	2.13172	5.12411E-4
1.132	2.13099	5.12222E-4
1.133	2.13026	5.1204E-4
1.134	2.12954	5.11869E-4
1.135	2.12882	5.11707E-4
1.136	2.12811	5.11554E-4
1.137	2.1274	5.11411E-4
1.138	2.12669	5.11276E-4
1.139	2.12597	5.11151E-4
1.14	2.12525	5.11034E-4
1.141	2.12452	5.10926E-4
1.142	2.12378	5.10826E-4
1.143	2.12303	5.10733E-4
1.144	2.12227	5.10649E-4
1.145	2.12149	5.10573E-4
1.146	2.12069	5.10503E-4
1.147	2.11987	5.10441E-4
1.148	2.11904	5.10386E-4
1.149	2.11818	5.10338E-4
1.15	2.11731	5.10296E-4
1.151	2.11643	5.10261E-4
1.152	2.11553	5.10232E-4
1.153	2.11463	5.10209E-4
1.154	2.11371	5.10192E-4
1.155	2.11279	5.1018E-4
1.156	2.11186	5.10173E-4
1.157	2.11093	5.10172E-4
1.158	2.11	5.10176E-4
1.159	2.10906	5.10184E-4
1.16	2.10813	5.10197E-4
1.161	2.10719	5.10214E-4
1.162	2.10627	5.10236E-4
1.163	2.10534	5.10261E-4
1.164	2.10443	5.1029E-4
1.165	2.10353	5.10322E-4
1.166	2.10263	5.10358E-4
1.167	2.10175	5.10397E-4
1.168	2.10089	5.10439E-4
1.169	2.10004	5.10483E-4
1.17	2.0992	5.1053E-4
1.171	2.09839	5.10579E-4
1.172	2.0976	5.1063E-4
1.173	2.09683	5.10683E-4
1.174	2.09608	5.10738E-4
1.175	2.09535	5.10794E-4
1.176	2.09464	5.10852E-4
1.177	2.09395	5.1091E-4
1.178	2.09328	5.10969E-4
1.179	2.09263	5.11029E-4
1.18	2.092	5.11089E-4
1.181	2.09138	5.1115E-4
1.182	2.09077	5.1121E-4
1.183	2.09018	5.1127E-4
1.184	2.08961	5.1133E-4
1.185	2.08905	5.11389E-4
1.186	2.0885	5.11448E-4
1.187	2.08796	5.11505E-4
1.188	2.08743	5.11561E-4
1.189	2.08691	5.11616E-4
1.19	2.0864	5.11668E-4
1.191	2.0859	5.1172E-4
1.192	2.0854	5.11769E-4
1.193	2.08491	5.11815E-4
1.194	2.08443	5.1186E-4
1.195	2.08395	5.11901E-4
1.196	2.08348	5.1194E-4
1.197	2.08301	5.11976E-4
1.198	2.08254	5.12008E-4
1.199	2.08207	5.12037E-4
1.2	2.08161	5.12063E-4
1.201	2.08114	5.12085E-4
1.202	2.08068	5.12105E-4
1.203	2.08021	5.12121E-4
1.204	2.07974	5.12135E-4
1.205	2.07926	5.12147E-4
1.206	2.07879	5.12155E-4
1.207	2.0783	5.12162E-4
1.208	2.07782	5.12166E-4
1.209	2.07733	5.12169E-4
1.21	2.07683	5.12169E-4
1.211	2.07633	5.12168E-4
1.212	2.07583	5.12165E-4
1.213	2.07532	5.1216E-4
1.214	2.07482	5.12154E-4
1.215	2.0743	5.12147E-4
1.216	2.07379	5.12139E-4
1.217	2.07327	5.12129E-4
1.218	2.07275	5.12119E-4
1.219	2.07223	5.12109E-4
1.22	2.0717	5.12097E-4
1.221	2.07118	5.12086E-4
1.222	2.07065	5.12074E-4
1.223	2.07012	5.12062E-4
1.224	2.06959	5.1205E-4
1.225	2.06905	5.12038E-4
1.226	2.06852	5.12026E-4
1.227	2.06799	5.12015E-4
1.228	2.06745	5.12004E-4
1.229	2.06691	5.11994E-4
1.23	2.06638	5.11984E-4
1.231	2.06584	5.11976E-4
1.232	2.06531	5.11968E-4
1.233	2.06477	5.11961E-4
1.234	2.06423	5.11954E-4
1.235	2.0637	5.11948E-4
1.236	2.06316	5.11942E-4
1.237	2.06263	5.11938E-4
1.238	2.0621	5.11933E-4
1.239	2.06157	5.11929E-4
1.24	2.06104	5.11926E-4
1.241	2.06051	5.11924E-4
1.242	2.05998	5.11921E-4
1.243	2.05946	5.1192E-4
1.244	2.05894	5.11918E-4
1.245	2.05842	5.11917E-4
1.246	2.0579	5.11917E-4
1.247	2.05738	5.11917E-4
1.248	2.05687	5.11917E-4
1.249	2.05637	5.11918E-4
1.25	2.05586	5.11919E-4
1.251	2.05536	5.1192E-4
1.252	2.05486	5.11922E-4
1.253	2.05437	5.11924E-4
1.254	2.05388	5.11926E-4
1.255	2.05339	5.11928E-4
1.256	2.05291	5.11931E-4
1.257	2.05243	5.11934E-4
1.258	2.05196	5.11937E-4
1.259	2.0515	5.1194E-4
1.26	2.05103	5.11943E-4
1.261	2.05058	5.11947E-4
1.262	2.05013	5.1195E-4
1.263	2.04968	5.11954E-4
1.264	2.04924	5.11957E-4
1.265	2.04881	5.11961E-4
1.266	2.04838	5.11965E-4
1.267	2.04796	5.11969E-4
1.268	2.04755	5.11973E-4
1.269	2.04714	5.11976E-4
1.27	2.04674	5.1198E-4
1.271	2.04635	5.11984E-4
1.272	2.04596	5.11987E-4
1.273	2.04558	5.11991E-4
1.274	2.04521	5.11994E-4
1.275	2.04485	5.11997E-4
1.276	2.04449	5.12E-4
1.277	2.04415	5.12003E-4
1.278	2.04381	5.12006E-4
1.279	2.04348	5.12008E-4
1.28	2.04316	5.1201E-4
1.281	2.04285	5.12013E-4
1.282	2.04255	5.12015E-4
1.283	2.04225	5.12016E-4
1.284	2.04197	5.12018E-4
1.285	2.0417	5.1202E-4
1.286	2.04143	5.12021E-4
1.287	2.04118	5.12022E-4
1.288	2.04093	5.12024E-4
1.289	2.0407	5.12025E-4
1.29	2.04047	5.12025E-4
1.291	2.04025	5.12026E-4
1.292	2.04004	5.12027E-4
1.293	2.03984	5.12027E-4
1.294	2.03964	5.12028E-4
1.295	2.03945	5.12028E-4
1.296	2.03927	5.12028E-4
1.297	2.03909	5.12028E-4
1.298	2.03892	5.12028E-4
1.299	2.03875	5.12028E-4
1.3	2.03859	5.12028E-4
1.301	2.03843	5.12028E-4
1.302	2.03828	5.12028E-4
1.303	2.03813	5.12027E-4
1.304	2.03798	5.12027E-4
1.305	2.03784	5.12026E-4
1.306	2.03769	5.12025E-4
1.307	2.03755	5.12025E-4
1.308	2.03741	5.12024E-4
1.309	2.03728	5.12023E-4
1.31	2.03714	5.12023E-4
1.311	2.037	5.12022E-4
1.312	2.03686	5.12021E-4
1.313	2.03673	5.1202E-4
1.314	2.03659	5.12019E-4
1.315	2.03645	5.12018E-4
1.316	2.0363	5.12017E-4
1.317	2.03616	5.12016E-4
1.318	2.03601	5.12015E-4
1.319	2.03586	5.12014E-4
1.32	2.03571	5.12013E-4
1.321	2.03555	5.12012E-4
1.322	2.03539	5.12011E-4
1.323	2.03522	5.1201E-4
1.324	2.03505	5.12009E-4
1.325	2.03488	5.12008E-4
1.326	2.03469	5.12007E-4
1.327	2.0345	5.12006E-4
1.328	2.03431	5.12005E-4
1.329	2.03411	5.12004E-4
1.33	2.0339	5.12003E-4
1.331	2.03368	5.12002E-4
1.332	2.03345	5.12002E-4
1.333	2.03322	5.12001E-4
1.334	2.03298	5.12E-4
1.335	2.03272	5.12E-4
1.336	2.03246	5.11999E-4
1.337	2.03219	5.11998E-4
1.338	2.0319	5.11998E-4
1.339	2.03161	5.11998E-4
1.34	2.03131	5.11997E-4
1.341	2.03099	5.11997E-4
1.342	2.03067	5.11997E-4
1.343	2.03034	5.11996E-4
1.344	2.03	5.11996E-4
1.345	2.02966	5.11996E-4
1.346	2.0293	5.11996E-4
1.347	2.02894	5.11996E-4
1.348	2.02858	5.11996E-4
1.349	2.02821	5.11996E-4
1.35	2.02783	5.11996E-4
1.351	2.02745	5.11996E-4
1.352	2.02706	5.11996E-4
1.353	2.02667	5.11996E-4
1.354	2.02628	5.11996E-4
1.355	2.02588	5.11996E-4
1.356	2.02548	5.11997E-4
1.357	2.02508	5.11997E-4
1.358	2.02468	5.11997E-4
1.359	2.02428	5.11997E-4
1.36	2.02387	5.11997E-4
1.361	2.02347	5.11998E-4
1.362	2.02306	5.11998E-4
1.363	2.02266	5.11998E-4
1.364	2.02226	5.11998E-4
1.365	2.02186	5.11998E-4
1.366	2.02146	5.11999E-4
1.367	2.02106	5.11999E-4
1.368	2.02067	5.11999E-4
1.369	2.02028	5.11999E-4
1.37	2.01989	5.12E-4
1.371	2.01951	5.12E-4
1.372	2.01913	5.12E-4
1.373	2.01876	5.12E-4
1.374	2.0184	5.12E-4
1.375	2.01804	5.12E-4
1.376	2.01768	5.12E-4
1.377	2.01734	5.12001E-4
1.378	2.017	5.12001E-4
1.379	2.01667	5.12001E-4
1.38	2.01634	5.12001E-4
1.381	2.01603	5.12001E-4
1.382	2.01573	5.12001E-4
1.383	2.01543	5.12001E-4
1.384	2.01515	5.12001E-4
1.385	2.01488	5.12001E-4
1.386	2.01461	5.12001E-4
1.387	2.01436	5.12001E-4
1.388	2.01412	5.12001E-4
1.389	2.0139	5.12001E-4
1.39	2.01368	5.12001E-4
1.391	2.01348	5.12001E-4
1.392	2.01328	5.12001E-4
1.393	2.0131	5.12001E-4
1.394	2.01292	5.12001E-4
1.395	2.01275	5.12001E-4
1.396	2.01259	5.12001E-4
1.397	2.01244	5.12001E-4
1.398	2.01229	5.12001E-4
1.399	2.01215	5.12001E-4
1.4	2.01202	5.12E-4
1.401	2.01189	5.12E-4
1.402	2.01176	5.12E-4
1.403	2.01164	5.12E-4
1.404	2.01152	5.12E-4
1.405	2.01141	5.12E-4
1.406	2.01129	5.12E-4
1.407	2.01118	5.12E-4
1.408	2.01107	5.12E-4
1.409	2.01096	5.12E-4
1.41	2.01085	5.12E-4
1.411	2.01073	5.12E-4
1.412	2.01062	5.12E-4
1.413	2.01051	5.12E-4
1.414	2.01039	5.12E-4
1.415	2.01027	5.12E-4
1.416	2.01014	5.12E-4
1.417	2.01001	5.12E-4
1.418	2.00988	5.12E-4
1.419	2.00974	5.12E-4
1.42	2.0096	5.12E-4
1.421	2.00944	5.12E-4
1.422	2.00929	5.12E-4
1.423	2.00912	5.12E-4
1.424	2.00895	5.12E-4
1.425	2.00876	5.12E-4
1.426	2.00858	5.12E-4
1.427	2.00838	5.12E-4
1.428	2.00818	5.12E-4
1.429	2.00797	5.12E-4
1.43	2.00776	5.12E-4
1.431	2.00754	5.12E-4
1.432	2.00732	5.12E-4
1.433	2.00709	5.12E-4
1.434	2.00686	5.12E-4
1.435	2.00662	5.12E-4
1.436	2.00638	5.12E-4
1.437	2.00614	5.12E-4
1.438	2.00589	5.12E-4
1.439	2.00564	5.12E-4
1.44	2.00539	5.12E-4
1.441	2.00514	5.12E-4
1.442	2.00489	5.12E-4
1.443	2.00463	5.12E-4
1.444	2.00438	5.12E-4
1.445	2.00412	5.12E-4
1.446	2.00386	5.12E-4
1.447	2.00361	5.12E-4
1.448	2.00335	5.12E-4
1.449	2.0031	5.12E-4
1.45	2.00285	5.12E-4
1.451	2.0026	5.12E-4
1.452	2.00235	5.12E-4
1.453	2.0021	5.12E-4
1.454	2.00186	5.12E-4
1.455	2.00162	5.12E-4
1.456	2.00138	5.12E-4
1.457	2.00115	5.12E-4
1.458	2.00092	5.12E-4
1.459	2.00069	5.12E-4
1.46	2.00047	5.12E-4
1.461	2.00026	5.12E-4
1.462	2.00005	5.12E-4
1.463	1.99985	5.12E-4
1.464	1.99965	5.12E-4
1.465	1.99946	5.12E-4
1.466	1.99928	5.12E-4
1.467	1.9991	5.12E-4
1.468	1.99893	5.12E-4
1.469	1.99876	5.12E-4
1.47	1.9986	5.12E-4
1.471	1.99845	5.12E-4
1.472	1.9983	5.12E-4
1.473	1.99815	5.12E-4
1.474	1.99802	5.12E-4
1.475	1.99788	5.12E-4
1.476	1.99775	5.12E-4
1.477	1.99763	5.12E-4
1.478	1.99751	5.12E-4
1.479	1.99739	5.12E-4
1.48	1.99728	5.12E-4
1.481	1.99718	5.12E-4
1.482	1.99708	5.12E-4
1.483	1.99698	5.12E-4
1.484	1.99689	5.12E-4
1.485	1.9968	5.12E-4
1.486	1.99671	5.12E-4
1.487	1.99663	5.12E-4
1.488	1.99655	5.12E-4
1.489	1.99648	5.12E-4
1.49	1.99641	5.12E-4
1.491	1.99634	5.12E-4
1.492	1.99628	5.12E-4
1.493	1.99621	5.12E-4
1.494	1.99616	5.12E-4
1.495	1.9961	5.12E-4
1.496	1.99605	5.12E-4
1.497	1.996	5.12E-4
1.498	1.99595	5.12E-4
1.499	1.99591	5.12E-4
1.5	1.99586	5.12E-4
1.501	1.99582	5.12E-4
1.502	1.99578	5.12E-4
1.503	1.99575	5.12E-4
1.504	1.99571	5.12E-4
1.505	1.99568	5.12E-4
1.506	1.99565	5.12E-4
1.507	1.99562	5.12E-4
1.508	1.99559	5.12E-4
1.509	1.99556	5.12E-4
1.51	1.99554	5.12E-4
1.511	1.99551	5.12E-4
1.512	1.99549	5.12E-4
1.513	1.99547	5.12E-4
1.514	1.99545	5.12E-4
1.515	1.99543	5.12E-4
1.516	1.9954	5.12E-4
1.517	1.99538	5.12E-4
1.518	1.99536	5.12E-4
1.519	1.99534	5.12E-4
1.52	1.99532	5.12E-4
1.521	1.99531	5.12E-4
1.522	1.99529	5.12E-4
1.523	1.99527	5.12E-4
1.524	1.99525	5.12E-4
1.525	1.99522	5.12E-4
1.526	1.9952	5.12E-4
1.527	1.99518	5.12E-4
1.528	1.99516	5.12E-4
1.529	1.99513	5.12E-4
1.53	1.99511	5.11999E-4
1.531	1.99508	5.11999E-4
1.532	1.99506	5.11999E-4
1.533	1.99503	5.11999E-4
1.534	1.995	5.11999E-4
1.535	1.99497	5.11999E-4
1.536	1.99493	5.11999E-4
1.537	1.9949	5.11999E-4
1.538	1.99486	5.11999E-4
1.539	1.99482	5.11999E-4
1.54	1.99478	5.11999E-4
1.541	1.99474	5.11999E-4
1.542	1.99469	5.11999E-4
1.543	1.99464	5.11999E-4
1.544	1.99459	5.11999E-4
1.545	1.99454	5.11999E-4
1.546	1.99448	5.11999E-4
1.547	1.99442	5.11999E-4
1.548	1.99436	5.11999E-4
1.549	1.9943	5.11999E-4
1.55	1.99423	5.11999E-4
1.551	1.99416	5.11999E-4
1.552	1.99408	5.11999E-4
1.553	1.994	5.11999E-4
1.554	1.99392	5.11999E-4
1.555	1.99383	5.11999E-4
1.556	1.99374	5.11999E-4
1.557	1.99365	5.11999E-4
1.558	1.99355	5.11999E-4
1.559	1.99345	5.11999E-4
1.56	1.99334	5.11999E-4
1.561	1.99323	5.11999E-4
1.562	1.99311	5.11999E-4
1.563	1.99299	5.11999E-4
1.564	1.99287	5.11999E-4
1.565	1.99274	5.11999E-4
1.566	1.9926	5.11999E-4
1.567	1.99246	5.11999E-4
1.568	1.99232	5.11999E-4
1.569	1.99216	5.11999E-4
1.57	1.99201	5.11999E-4
1.571	1.99185	5.11999E-4
1.572	1.99168	5.11999E-4
1.573	1.9915	5.11999E-4
1.574	1.99133	5.11999E-4
1.575	1.99114	5.12E-4
1.576	1.99095	5.12E-4
1.577	1.99075	5.12E-4
1.578	1.99055	5.12E-4
1.579	1.99034	5.12E-4
1.58	1.99012	5.12E-4
1.581	1.98989	5.12E-4
1.582	1.98966	5.12E-4
1.583	1.98943	5.12E-4
1.584	1.98918	5.12E-4
1.585	1.98893	5.12E-4
1.586	1.98867	5.12E-4
1.587	1.9884	5.12E-4
1.588	1.98813	5.12E-4
1.589	1.98785	5.12E-4
1.59	1.98756	5.12E-4
1.591	1.98726	5.12E-4
1.592	1.98696	5.12E-4
1.593	1.98664	5.12E-4
1.594	1.98632	5.12E-4
1.595	1.98599	5.12E-4
1.596	1.98566	5.12E-4
1.597	1.98531	5.12E-4
1.598	1.98496	5.12E-4
1.599	1.98459	5.12E-4
1.6	1.98422	5.12E-4