0.2	1.69482	0.77768
0.201	1.70601	0.78169
0.202	1.7172	0.7857
0.203	1.72839	0.78971
0.204	1.73958	0.79372
0.205	1.75077	0.79773
0.206	1.76196	0.80174
0.207	1.77315	0.80576
0.208	1.78433	0.80977
0.209	1.79552	0.81378
0.21	1.80671	0.81779
0.211	1.8179	0.8218
0.212	1.82909	0.82581
0.213	1.84028	0.82982
0.214	1.85147	0.83383
0.215	1.86266	0.83784
0.216	1.87385	0.84186
0.217	1.88504	0.84587
0.218	1.89623	0.84988
0.219	1.90742	0.85389
0.22	1.91861	0.8579
0.221	1.9298	0.86191
0.222	1.94099	0.86592
0.223	1.95218	0.86993
0.224	1.96337	0.87395
0.225	1.97456	0.87796
0.226	1.98575	0.88197
0.227	1.99694	0.88598
0.228	2.00813	0.88999
0.229	2.01931	0.894
0.23	2.0305	0.89801
0.231	2.04169	0.90202
0.232	2.05288	0.90603
0.233	2.06407	0.91005
0.234	2.07526	0.91406
0.235	2.08645	0.91807
0.236	2.09764	0.92208
0.237	2.10883	0.92609
0.238	2.12002	0.9301
0.239	2.13121	0.93411
0.24	2.1424	0.93812
0.241	2.15359	0.94254
0.242	2.16478	0.94744
0.243	2.17666	0.95233
0.244	2.18876	0.95701
0.245	2.20086	0.961
0.246	2.21296	0.96498
0.247	2.22893	0.96897
0.248	2.24545	0.97312
0.249	2.26311	0.97802
0.25	2.31441	0.98291
0.251	2.35572	0.98781
0.252	2.3085	0.98747
0.253	2.32717	0.98692
0.254	2.34584	0.98637
0.255	2.36451	0.98582
0.256	2.38317	0.98526
0.257	2.40184	0.98471
0.258	2.41868	0.98282
0.259	2.43371	0.98059
0.26	2.44874	0.97835
0.261	2.46377	0.97612
0.262	2.4788	0.97298
0.263	2.49383	0.96923
0.264	2.509	0.96548
0.265	2.52423	0.96173
0.266	2.53946	0.95677
0.267	2.55469	0.94998
0.268	2.56992	0.94318
0.269	2.58515	0.93638
0.27	2.60021	0.9293
0.271	2.61367	0.921
0.272	2.62713	0.9127
0.273	2.64059	0.90271
0.274	2.65405	0.87939
0.275	2.66751	0.85618
0.276	2.68097	0.84381
0.277	2.69356	0.83143
0.278	2.70467	0.81906
0.279	2.71579	0.80668
0.28	2.7269	0.79609
0.281	2.73802	0.78591
0.282	2.74913	0.77573
0.283	2.76025	0.76555
0.284	2.76816	0.7472
0.285	2.77427	0.7261
0.286	2.78038	0.70395
0.287	2.78649	0.68123
0.288	2.7926	0.66434
0.289	2.7987	0.65227
0.29	2.80514	0.6402
0.291	2.81159	0.62813
0.292	2.81804	0.61452
0.293	2.82449	0.59798
0.294	2.83029	0.58145
0.295	2.83304	0.56492
0.296	2.8358	0.54885
0.297	2.83855	0.53552
0.298	2.8413	0.5222
0.299	2.84405	0.50887
0.3	2.84477	0.49567
0.301	2.84336	0.48381
0.302	2.84195	0.47196
0.303	2.84054	0.46011
0.304	2.83913	0.44826
0.305	2.83772	0.43641
0.306	2.8363	0.42331
0.307	2.83489	0.40982
0.308	2.83348	0.39634
0.309	2.83012	0.38285
0.31	2.82633	0.36936
0.311	2.82254	0.35626
0.312	2.81875	0.34343
0.313	2.81497	0.3306
0.314	2.81118	0.31777
0.315	2.80663	0.30494
0.316	2.79965	0.29342
0.317	2.79266	0.28388
0.318	2.78568	0.27435
0.319	2.77869	0.26481
0.32	2.77171	0.25528
0.321	2.76472	0.24574
0.322	2.75879	0.23612
0.323	2.75385	0.22568
0.324	2.74892	0.21523
0.325	2.74398	0.20479
0.326	2.73904	0.19434
0.327	2.73411	0.1839
0.328	2.72917	0.17834
0.329	2.72423	0.17325
0.33	2.71951	0.16816
0.331	2.71481	0.16306
0.332	2.71011	0.15797
0.333	2.7054	0.15287
0.334	2.7007	0.14778
0.335	2.696	0.14268
0.336	2.6913	0.13759
0.337	2.6866	0.1325
0.338	2.6819	0.1274
0.339	2.6772	0.12231
0.34	2.67219	0.11775
0.341	2.66634	0.11386
0.342	2.66049	0.10997
0.343	2.65464	0.10608
0.344	2.64879	0.10219
0.345	2.64294	0.0983
0.346	2.63709	0.0944
0.347	2.63124	0.09051
0.348	2.62539	0.08662
0.349	2.62026	0.08273
0.35	2.61537	0.07884
0.351	2.61048	0.07495
0.352	2.6056	0.07106
0.353	2.60071	0.06716
0.354	2.59582	0.06327
0.355	2.59094	0.06123
0.356	2.58605	0.05944
0.357	2.58116	0.05764
0.358	2.57628	0.05584
0.359	2.57139	0.05405
0.36	2.56665	0.05225
0.361	2.56238	0.05045
0.362	2.5581	0.04866
0.363	2.55383	0.04686
0.364	2.54956	0.04506
0.365	2.54529	0.04326
0.366	2.54102	0.04147
0.367	2.53675	0.03967
0.368	2.53248	0.03787
0.369	2.52821	0.03608
0.37	2.52394	0.03428
0.371	2.51967	0.03248
0.372	2.5154	0.03077
0.373	2.51113	0.02984
0.374	2.50686	0.02891
0.375	2.50259	0.02798
0.376	2.4984	0.02705
0.377	2.49515	0.02612
0.378	2.4919	0.02519
0.379	2.48865	0.02426
0.38	2.48541	0.02333
0.381	2.48216	0.0224
0.382	2.47891	0.02147
0.383	2.47566	0.02054
0.384	2.47242	0.01961
0.385	2.46917	0.01868
0.386	2.46592	0.01775
0.387	2.46268	0.01682
0.388	2.45943	0.01589
0.389	2.45618	0.01496
0.39	2.45293	0.01403
0.391	2.44969	0.0131
0.392	2.44644	0.01217
0.393	2.44319	0.01124
0.394	2.43994	0.01031
0.395	2.4367	0.00938
0.396	2.43345	0.00845
0.397	2.4302	0.00751
0.398	2.4276	0.00658
0.399	2.425	0.00572
0.4	2.4224	0.00572
0.401	2.4198	0.00572
0.402	2.4172	0.00572
0.403	2.4146	0.00572
0.404	2.412	0.00572
0.405	2.4094	0.00572
0.406	2.4068	0.00572
0.407	2.4042	0.00572
0.408	2.4016	0.00572
0.409	2.399	0.00572
0.41	2.3964	0.00572
0.411	2.39381	0.00572
0.412	2.39121	0.00572
0.413	2.38861	0.00572
0.414	2.38601	0.00572
0.415	2.38341	0.00572
0.416	2.38081	0.00572
0.417	2.37821	0.00572
0.418	2.37561	0.00572
0.419	2.37301	0.00572
0.42	2.37041	0.00572
0.421	2.36781	0.00572
0.422	2.36521	0.00572
0.423	2.36261	0.00572
0.424	2.36001	0.00572
0.425	2.35772	0.00572
0.426	2.35603	0.00572
0.427	2.35433	0.00572
0.428	2.35264	0.00572
0.429	2.35095	0.00572
0.43	2.34926	0.00572
0.431	2.34757	0.00561
0.432	2.34588	0.00549
0.433	2.34418	0.00536
0.434	2.34249	0.00524
0.435	2.3408	0.00511
0.436	2.33911	0.00499
0.437	2.33742	0.00486
0.438	2.33573	0.00474
0.439	2.33404	0.00461
0.44	2.33234	0.00448
0.441	2.33065	0.00436
0.442	2.32896	0.00423
0.443	2.32727	0.00411
0.444	2.32558	0.00398
0.445	2.32389	0.00386
0.446	2.32219	0.00373
0.447	2.3205	0.00361
0.448	2.31881	0.00348
0.449	2.31712	0.00336
0.45	2.31543	0.00323
0.451	2.31374	0.0031
0.452	2.31205	0.00298
0.453	2.31035	0.00285
0.454	2.30866	0.00273
0.455	2.30697	0.0026
0.456	2.30528	0.00248
0.457	2.30359	0.00235
0.458	2.3019	0.00231
0.459	2.3002	0.00231
0.46	2.29853	0.00231
0.461	2.29722	0.00231
0.462	2.29591	0.00231
0.463	2.2946	0.00231
0.464	2.29329	0.00231
0.465	2.29198	0.00231
0.466	2.29067	0.00231
0.467	2.28935	0.00231
0.468	2.28804	0.00231
0.469	2.28673	0.00231
0.47	2.28542	0.00231
0.471	2.28411	0.00231
0.472	2.2828	0.00231
0.473	2.28149	0.00231
0.474	2.28018	0.00231
0.475	2.27886	0.00231
0.476	2.27755	0.00231
0.477	2.27624	0.00231
0.478	2.27493	0.00231
0.479	2.27362	0.00231
0.48	2.27231	0.00231
0.481	2.271	0.00231
0.482	2.26969	0.00231
0.483	2.26838	0.00231
0.484	2.26706	0.00231
0.485	2.26575	0.00231
0.486	2.26444	0.00231
0.487	2.26313	0.00231
0.488	2.26182	0.00231
0.489	2.26051	0.00231
0.49	2.2592	0.00231
0.491	2.25789	0.00231
0.492	2.25657	0.00231
0.493	2.25526	0.00231
0.494	2.25395	0.00231
0.495	2.25264	0.00231
0.496	2.2517	0.00231
0.497	2.25099	0.00231
0.498	2.25028	0.00231
0.499	2.24957	0.00231
0.5	2.24887	0.00231
0.501	2.24816	0.00231
0.502	2.24745	0.00231
0.503	2.24674	0.00231
0.504	2.24604	0.00231
0.505	2.24533	0.00231
0.506	2.24462	0.00231
0.507	2.24391	0.00231
0.508	2.2432	0.00231
0.509	2.2425	0.00231
0.51	2.24179	0.00231
0.511	2.24108	0.00231
0.512	2.24037	0.00231
0.513	2.23966	0.00231
0.514	2.23896	0.00231
0.515	2.23825	0.00231
0.516	2.23754	0.00231
0.517	2.23683	0.00231
0.518	2.23613	0.00231
0.519	2.23542	0.00231
0.52	2.23471	0.00231
0.521	2.234	0.00231
0.522	2.23329	0.00231
0.523	2.23259	0.00231
0.524	2.23188	0.00231
0.525	2.23117	0.00231
0.526	2.23046	0.00231
0.527	2.22975	0.00231
0.528	2.22905	0.00231
0.529	2.22834	0.00231
0.53	2.22763	0.00231
0.531	2.22692	0.00231
0.532	2.22622	0.00231
0.533	2.22551	0.00231
0.534	2.2248	0.00231
0.535	2.22409	0.00231
0.536	2.22339	0.00231
0.537	2.2227	0.00231
0.538	2.22201	0.00231
0.539	2.22132	0.00231
0.54	2.22063	0.00231
0.541	2.21994	0.00231
0.542	2.21925	0.00231
0.543	2.21857	0.00231
0.544	2.21788	0.00231
0.545	2.21719	0.00231
0.546	2.2165	0.00231
0.547	2.21581	0.00231
0.548	2.21512	0.00231
0.549	2.21443	0.00231
0.55	2.21374	0.00231
0.551	2.21305	0.00231
0.552	2.21236	0.00231
0.553	2.21167	0.00231
0.554	2.21098	0.00231
0.555	2.21029	0.00231
0.556	2.2096	0.00231
0.557	2.20891	0.00231
0.558	2.20822	0.00231
0.559	2.20753	0.00231
0.56	2.20684	0.00231
0.561	2.20615	0.00231
0.562	2.20546	0.00231
0.563	2.20477	0.00231
0.564	2.20408	0.00231
0.565	2.20339	0.00231
0.566	2.2027	0.00231
0.567	2.20201	0.00231
0.568	2.20132	0.00231
0.569	2.20063	0.00231
0.57	2.19994	0.00231
0.571	2.19925	0.00231
0.572	2.19856	0.00231
0.573	2.19787	0.00231
0.574	2.19718	0.00231
0.575	2.19649	0.00231
0.576	2.1958	0.00231
0.577	2.19511	0.00231
0.578	2.19442	0.00231
0.579	2.19373	0.00231
0.58	2.19304	0.00231
0.581	2.19235	0.00231
0.582	2.19166	0.00231
0.583	2.19097	0.00231
0.584	2.19028	0.00231
0.585	2.18959	0.00231
0.586	2.18907	0.00231
0.587	2.18856	0.00231
0.588	2.18806	0.00231
0.589	2.18756	0.00231
0.59	2.18705	0.00231
0.591	2.18655	0.00231
0.592	2.18604	0.00231
0.593	2.18554	0.00231
0.594	2.18503	0.00231
0.595	2.18453	0.00231
0.596	2.18402	0.00231
0.597	2.18352	0.00231
0.598	2.18302	0.00231
0.599	2.18251	0.00231
0.6	2.18201	0.00231
0.601	2.1815	0.00231
0.602	2.181	0.00231
0.603	2.18049	0.00231
0.604	2.17999	0.00231
0.605	2.17948	0.00231
0.606	2.17898	0.00231
0.607	2.17848	0.00231
0.608	2.17797	0.00231
0.609	2.17747	0.00231
0.61	2.17696	0.00231
0.611	2.17646	0.00231
0.612	2.17595	0.00231
0.613	2.17545	0.00231
0.614	2.17495	0.00231
0.615	2.17444	0.00231
0.616	2.17394	0.00231
0.617	2.17343	0.00231
0.618	2.17293	0.00231
0.619	2.17242	0.00231
0.62	2.17192	0.00231
0.621	2.17141	0.00231
0.622	2.17091	0.00231
0.623	2.17041	0.00231
0.624	2.1699	0.00231
0.625	2.1694	0.00231
0.626	2.16889	0.00231
0.627	2.16839	0.00231
0.628	2.16788	0.00231
0.629	2.16738	0.00231
0.63	2.16688	0.00231
0.631	2.16637	0.00231
0.632	2.16587	0.00231
0.633	2.16536	0.00231
0.634	2.16486	0.00231
0.635	2.16435	0.00231
0.636	2.16385	0.00231
0.637	2.16334	0.00231
0.638	2.16284	0.00231
0.639	2.16234	0.00231
0.64	2.16183	0.00231
0.641	2.16133	0.00231
0.642	2.16082	0.00231
0.643	2.16032	0.00231
0.644	2.15981	0.00231
0.645	2.15931	0.00231
0.646	2.1588	0.00231
0.647	2.1583	0.00231
0.648	2.15804	0.00231
0.649	2.15783	0.00231
0.65	2.15762	0.00231
0.651	2.1574	0.00231
0.652	2.15719	0.00231
0.653	2.15698	0.00231
0.654	2.15676	0.00231
0.655	2.15655	0.00231
0.656	2.15634	0.00231
0.657	2.15613	0.00231
0.658	2.15591	0.00231
0.659	2.1557	0.00231
0.66	2.15549	0.00231
0.661	2.15528	0.00231
0.662	2.15506	0.00231
0.663	2.15485	0.00231
0.664	2.15464	0.00231
0.665	2.15442	0.00231
0.666	2.15421	0.00231
0.667	2.154	0.00231
0.668	2.15379	0.00231
0.669	2.15357	0.00231
0.67	2.15336	0.00231
0.671	2.15315	0.00231
0.672	2.15294	0.00231
0.673	2.15272	0.00231
0.674	2.15251	0.00231
0.675	2.1523	0.00231
0.676	2.15208	0.00231
0.677	2.15187	0.00231
0.678	2.15166	0.00231
0.679	2.15145	0.00231
0.68	2.15123	0.00231
0.681	2.15102	0.00231
0.682	2.15081	0.00231
0.683	2.1506	0.00231
0.684	2.15038	0.00231
0.685	2.15017	0.00231
0.686	2.14996	0.00231
0.687	2.14974	0.00231
0.688	2.14953	0.00231
0.689	2.14932	0.00231
0.69	2.14911	0.00231
0.691	2.14889	0.00231
0.692	2.14868	0.00231
0.693	2.14847	0.00231
0.694	2.14826	0.00231
0.695	2.14804	0.00231
0.696	2.14783	0.00231
0.697	2.14762	0.00231
0.698	2.1474	0.00231
0.699	2.14719	0.00231
0.7	2.14698	0.00231
0.701	2.14677	0.00231
0.702	2.14655	0.00231
0.703	2.14634	0.00231
0.704	2.14613	0.00231
0.705	2.14592	0.00231
0.706	2.1457	0.00231
0.707	2.14549	0.00231
0.708	2.14528	0.00231
0.709	2.14506	0.00231
0.71	2.14485	0.00231
0.711	2.14464	0.00231
0.712	2.14443	0.00231
0.713	2.14421	0.00231
0.714	2.144	0.00231
0.715	2.14379	0.00231
0.716	2.14358	0.00231
0.717	2.14336	0.00231
0.718	2.14315	0.00231
0.719	2.14294	0.00231
0.72	2.14272	0.00231
0.721	2.14251	0.00231
0.722	2.14228	0.00231
0.723	2.14206	0.00231
0.724	2.14183	0.00231
0.725	2.14161	0.00231
0.726	2.14138	0.00231
0.727	2.14115	0.00231
0.728	2.14093	0.00231
0.729	2.1407	0.00231
0.73	2.14048	0.00231
0.731	2.14025	0.00231
0.732	2.14003	0.00231
0.733	2.1398	0.00231
0.734	2.13957	0.00231
0.735	2.13935	0.00231
0.736	2.13912	0.00231
0.737	2.1389	0.00231
0.738	2.13867	0.00231
0.739	2.13845	0.00231
0.74	2.13822	0.00231
0.741	2.138	0.00231
0.742	2.13777	0.00231
0.743	2.13754	0.00231
0.744	2.13732	0.00231
0.745	2.13709	0.00231
0.746	2.13687	0.00231
0.747	2.13664	0.00231
0.748	2.13642	0.00231
0.749	2.13619	0.00231
0.75	2.13597	0.00231
0.751	2.13574	0.00231
0.752	2.13551	0.00231
0.753	2.13529	0.00231
0.754	2.13506	0.00231
0.755	2.13484	0.00231
0.756	2.13461	0.00231
0.757	2.13439	0.00231
0.758	2.13416	0.00231
0.759	2.13393	0.00231
0.76	2.13371	0.00231
0.761	2.13348	0.00231
0.762	2.13326	0.00231
0.763	2.13303	0.00231
0.764	2.13281	0.00231
0.765	2.13258	0.00231
0.766	2.13236	0.00231
0.767	2.13213	0.00231
0.768	2.1319	0.00231
0.769	2.13168	0.00231
0.77	2.13145	0.00231
0.771	2.13123	0.00231
0.772	2.131	0.00231
0.773	2.13078	0.00231
0.774	2.13055	0.00231
0.775	2.13032	0.00231
0.776	2.1301	0.00231
0.777	2.12987	0.00231
0.778	2.12974	0.00231
0.779	2.12961	0.00231
0.78	2.12948	0.00231
0.781	2.12936	0.00231
0.782	2.12923	0.00231
0.783	2.12911	0.00231
0.784	2.12898	0.00231
0.785	2.12885	0.00231
0.786	2.12873	0.00231
0.787	2.1286	0.00231
0.788	2.12847	0.00231
0.789	2.12835	0.00231
0.79	2.12822	0.00231
0.791	2.1281	0.00231
0.792	2.12797	0.00231
0.793	2.12784	0.00231
0.794	2.12772	0.00231
0.795	2.12759	0.00231
0.796	2.12746	0.00231
0.797	2.12734	0.00231
0.798	2.12721	0.00231
0.799	2.12708	0.00231
0.8	2.12696	0.00231
0.801	2.12683	0.00231
0.802	2.12671	0.00231
0.803	2.12658	0.00231
0.804	2.12645	0.00231
0.805	2.12633	0.00231
0.806	2.1262	0.00231
0.807	2.12607	0.00231
0.808	2.12595	0.00231
0.809	2.12582	0.00231
0.81	2.1257	0.00231
0.811	2.12557	0.00231
0.812	2.12544	0.00231
0.813	2.12532	0.00231
0.814	2.12519	0.00231
0.815	2.12506	0.00231
0.816	2.12494	0.00231
0.817	2.12481	0.00231
0.818	2.12469	0.00231
0.819	2.12456	0.00231
0.82	2.12443	0.00231
0.821	2.12431	0.00231
0.822	2.12418	0.00231
0.823	2.12405	0.00231
0.824	2.12393	0.00231
0.825	2.1238	0.00231
0.826	2.12368	0.00231
0.827	2.12355	0.00231
0.828	2.12342	0.00231
0.829	2.1233	0.00231
0.83	2.12317	0.00231
0.831	2.12304	0.00231
0.832	2.12292	0.00231
0.833	2.12279	0.00231
0.834	2.12267	0.00231
0.835	2.12254	0.00231
0.836	2.12241	0.00231
0.837	2.12229	0.00231
0.838	2.12216	0.00231
0.839	2.12203	0.00231
0.84	2.12191	0.00231
0.841	2.12178	0.00231
0.842	2.12165	0.00231
0.843	2.12153	0.00231
0.844	2.1214	0.00231
0.845	2.12128	0.00231
0.846	2.12115	0.00231
0.847	2.12102	0.00231
0.848	2.1209	0.00231
0.849	2.12077	0.00231
0.85	2.12064	0.00231
0.851	2.12052	0.00231
0.852	2.12039	0.00231
0.853	2.12027	0.00231
0.854	2.12014	0.00231
0.855	2.12001	0.00231
0.856	2.11989	0.00231
0.857	2.11976	0.00231
0.858	2.11963	0.00231
0.859	2.11951	0.00231
0.86	2.11938	0.00231
0.861	2.11926	0.00231
0.862	2.11913	0.00231
0.863	2.119	0.00231
0.864	2.11888	0.00231
0.865	2.11875	0.00231
0.866	2.11862	0.00231
0.867	2.1185	0.00231
0.868	2.11837	0.00231
0.869	2.11825	0.00231
0.87	2.11812	0.00231
0.871	2.11799	0.00231
0.872	2.11787	0.00231
0.873	2.11774	0.00231
0.874	2.11761	0.00231
0.875	2.11749	0.00231
0.876	2.11736	0.00231
0.877	2.11723	0.00231
0.878	2.11711	0.00231
0.879	2.11698	0.00231
0.88	2.11686	0.00231
0.881	2.11673	0.00231
0.882	2.1166	0.00231
0.883	2.11648	0.00231
0.884	2.11635	0.00231
0.885	2.11622	0.00231
0.886	2.1161	0.00231
0.887	2.11597	0.00231
0.888	2.11585	0.00231
0.889	2.11572	0.00231
0.89	2.11559	0.00231
0.891	2.11547	0.00231
0.892	2.11534	0.00231
0.893	2.11521	0.00231
0.894	2.11509	0.00231
0.895	2.11496	0.00231
0.896	2.11484	0.00231
0.897	2.11471	0.00231
0.898	2.11458	0.00231
0.899	2.11446	0.00231
0.9	2.11433	0.00231
0.901	2.1142	0.00231
0.902	2.11408	0.00231
0.903	2.11395	0.00231
0.904	2.11383	0.00231
0.905	2.1137	0.00231
0.906	2.11357	0.00231
0.907	2.11345	0.00231
0.908	2.11332	0.00231
0.909	2.11319	0.00231
0.91	2.11307	0.00231
0.911	2.11294	0.00231
0.912	2.11282	0.00231
0.913	2.11269	0.00231
0.914	2.11256	0.00231
0.915	2.11244	0.00231
0.916	2.11231	0.00231
0.917	2.11218	0.00231
0.918	2.11206	0.00231
0.919	2.11193	0.00231
0.92	2.1118	0.00231
0.921	2.11168	0.00231
0.922	2.11155	0.00231
0.923	2.11143	0.00231
0.924	2.1113	0.00231
0.925	2.11117	0.00231
0.926	2.11105	0.00231
0.927	2.11092	0.00231
0.928	2.11079	0.00231
0.929	2.11067	0.00231
0.93	2.11054	0.00231
0.931	2.11042	0.00231
0.932	2.11029	0.00231
0.933	2.11016	0.00231
0.934	2.11004	0.00231
0.935	2.10991	0.00231
0.936	2.10978	0.00231
0.937	2.10966	0.00231
0.938	2.10953	0.00231
0.939	2.10941	0.00231
0.94	2.10928	0.00231
0.941	2.10915	0.00231
0.942	2.10903	0.00231
0.943	2.1089	0.00231
0.944	2.10877	0.00231
0.945	2.10865	0.00231
0.946	2.10852	0.00231
0.947	2.1084	0.00231
0.948	2.10827	0.00231
0.949	2.10814	0.00231
0.95	2.10802	0.00231
0.951	2.10789	0.00231
0.952	2.10776	0.00231
0.953	2.10764	0.00231
0.954	2.10751	0.00231
0.955	2.10738	0.00231
0.956	2.10726	0.00231
0.957	2.10713	0.00231
0.958	2.10701	0.00231
0.959	2.10688	0.00231
0.96	2.10675	0.00231
0.961	2.10663	0.00231
0.962	2.1065	0.00231
0.963	2.10637	0.00231
0.964	2.10625	0.00231
0.965	2.10612	0.00231
0.966	2.106	0.00231
0.967	2.10587	0.00231
0.968	2.10574	0.00231
0.969	2.10562	0.00231
0.97	2.10549	0.00231
0.971	2.10536	0.00231
0.972	2.10524	0.00231
0.973	2.10511	0.00231
0.974	2.10499	0.00231
0.975	2.10486	0.00231
0.976	2.10473	0.00231
0.977	2.10461	0.00231
0.978	2.10448	0.00231
0.979	2.10435	0.00231
0.98	2.10423	0.00231
0.981	2.1041	0.00231
0.982	2.10398	0.00231
0.983	2.10385	0.00231
0.984	2.10372	0.00231
0.985	2.1036	0.00231
0.986	2.10347	0.00231
0.987	2.10334	0.00231
0.988	2.10322	0.00231
0.989	2.10309	0.00231
0.99	2.10297	0.00231
0.991	2.10284	0.00231
0.992	2.10271	0.00231
0.993	2.10259	0.00231
0.994	2.10246	0.00231
0.995	2.10233	0.00231
0.996	2.10221	0.00231
0.997	2.10208	0.00231
0.998	2.10195	0.00231
0.999	2.10195	0.00231
1	2.10195	0.00231
1.001	2.10195	0.00231
1.002	2.10195	0.00231
1.003	2.10195	0.00231
1.004	2.10195	0.00231
1.005	2.10195	0.00231
1.006	2.10195	0.00231
1.007	2.10195	0.00231
1.008	2.10195	0.00231
1.009	2.10195	0.00231
1.01	2.10195	0.00231
1.011	2.10195	0.00231
1.012	2.10195	0.00231
1.013	2.10195	0.00231
1.014	2.10195	0.00231
1.015	2.10195	0.00231
1.016	2.10195	0.00231
1.017	2.10195	0.00231
1.018	2.10195	0.00231
1.019	2.10195	0.00231
1.02	2.10195	0.00231
1.021	2.10195	0.00231
1.022	2.10195	0.00231
1.023	2.10195	0.00231
1.024	2.10195	0.00231
1.025	2.10195	0.00231
1.026	2.10195	0.00231
1.027	2.10195	0.00231
1.028	2.10195	0.00231
1.029	2.10195	0.00231
1.03	2.10195	0.00231
1.031	2.10195	0.00231
1.032	2.10195	0.00231
1.033	2.10195	0.00231
1.034	2.10195	0.00231
1.035	2.10195	0.00231
1.036	2.10195	0.00231
1.037	2.10195	0.00231
1.038	2.10195	0.00231
1.039	2.10195	0.00231
1.04	2.10195	0.00231
1.041	2.10195	0.00231
1.042	2.10195	0.00231
1.043	2.10195	0.00231
1.044	2.10195	0.00231
1.045	2.10195	0.00231
1.046	2.10195	0.00231
1.047	2.10195	0.00231
1.048	2.10195	0.00231
1.049	2.10195	0.00231
1.05	2.10195	0.00231
1.051	2.10195	0.00231
1.052	2.10195	0.00231
1.053	2.10195	0.00231
1.054	2.10195	0.00231
1.055	2.10195	0.00231
1.056	2.10195	0.00231
1.057	2.10195	0.00231
1.058	2.10195	0.00231
1.059	2.10195	0.00231
1.06	2.10195	0.00231
1.061	2.10195	0.00231
1.062	2.10195	0.00231
1.063	2.10195	0.00231
1.064	2.10195	0.00231
1.065	2.10195	0.00231
1.066	2.10195	0.00231
1.067	2.10195	0.00231
1.068	2.10195	0.00231
1.069	2.10195	0.00231
1.07	2.10195	0.00231
1.071	2.10195	0.00231
1.072	2.10195	0.00231
1.073	2.10195	0.00231
1.074	2.10195	0.00231
1.075	2.10195	0.00231
1.076	2.10195	0.00231
1.077	2.10195	0.00231
1.078	2.10195	0.00231
1.079	2.10195	0.00231
1.08	2.10195	0.00231
1.081	2.10195	0.00231
1.082	2.10195	0.00231
1.083	2.10195	0.00231
1.084	2.10195	0.00231
1.085	2.10195	0.00231
1.086	2.10195	0.00231
1.087	2.10195	0.00231
1.088	2.10195	0.00231
1.089	2.10195	0.00231
1.09	2.10195	0.00231
1.091	2.10195	0.00231
1.092	2.10195	0.00231
1.093	2.10195	0.00231
1.094	2.10195	0.00231
1.095	2.10195	0.00231
1.096	2.10195	0.00231
1.097	2.10195	0.00231
1.098	2.10195	0.00231
1.099	2.10195	0.00231
1.1	2.10195	0.00231
1.101	2.10195	0.00231
1.102	2.10195	0.00231
1.103	2.10195	0.00231
1.104	2.10195	0.00231
1.105	2.10195	0.00231
1.106	2.10195	0.00231
1.107	2.10195	0.00231
1.108	2.10195	0.00231
1.109	2.10195	0.00231
1.11	2.10195	0.00231
1.111	2.10195	0.00231
1.112	2.10195	0.00231
1.113	2.10195	0.00231
1.114	2.10195	0.00231
1.115	2.10195	0.00231
1.116	2.10195	0.00231
1.117	2.10195	0.00231
1.118	2.10195	0.00231
1.119	2.10195	0.00231
1.12	2.10195	0.00231
1.121	2.10195	0.00231
1.122	2.10195	0.00231
1.123	2.10195	0.00231
1.124	2.10195	0.00231
1.125	2.10195	0.00231
1.126	2.10195	0.00231
1.127	2.10195	0.00231
1.128	2.10195	0.00231
1.129	2.10195	0.00231
1.13	2.10195	0.00231
1.131	2.10195	0.00231
1.132	2.10195	0.00231
1.133	2.10195	0.00231
1.134	2.10195	0.00231
1.135	2.10195	0.00231
1.136	2.10195	0.00231
1.137	2.10195	0.00231
1.138	2.10195	0.00231
1.139	2.10195	0.00231
1.14	2.10195	0.00231
1.141	2.10195	0.00231
1.142	2.10195	0.00231
1.143	2.10195	0.00231
1.144	2.10195	0.00231
1.145	2.10195	0.00231
1.146	2.10195	0.00231
1.147	2.10195	0.00231
1.148	2.10195	0.00231
1.149	2.10195	0.00231
1.15	2.10195	0.00231
1.151	2.10195	0.00231
1.152	2.10195	0.00231
1.153	2.10195	0.00231
1.154	2.10195	0.00231
1.155	2.10195	0.00231
1.156	2.10195	0.00231
1.157	2.10195	0.00231
1.158	2.10195	0.00231
1.159	2.10195	0.00231
1.16	2.10195	0.00231
1.161	2.10195	0.00231
1.162	2.10195	0.00231
1.163	2.10195	0.00231
1.164	2.10195	0.00231
1.165	2.10195	0.00231
1.166	2.10195	0.00231
1.167	2.10195	0.00231
1.168	2.10195	0.00231
1.169	2.10195	0.00231
1.17	2.10195	0.00231
1.171	2.10195	0.00231
1.172	2.10195	0.00231
1.173	2.10195	0.00231
1.174	2.10195	0.00231
1.175	2.10195	0.00231
1.176	2.10195	0.00231
1.177	2.10195	0.00231
1.178	2.10195	0.00231
1.179	2.10195	0.00231
1.18	2.10195	0.00231
1.181	2.10195	0.00231
1.182	2.10195	0.00231
1.183	2.10195	0.00231
1.184	2.10195	0.00231
1.185	2.10195	0.00231
1.186	2.10195	0.00231
1.187	2.10195	0.00231
1.188	2.10195	0.00231
1.189	2.10195	0.00231
1.19	2.10195	0.00231
1.191	2.10195	0.00231
1.192	2.10195	0.00231
1.193	2.10195	0.00231
1.194	2.10195	0.00231
1.195	2.10195	0.00231
1.196	2.10195	0.00231
1.197	2.10195	0.00231
1.198	2.10195	0.00231
1.199	2.10195	0.00231
1.2	2.10195	0.00231
1.201	2.10195	0.00231
1.202	2.10195	0.00231
1.203	2.10195	0.00231
1.204	2.10195	0.00231
1.205	2.10195	0.00231
1.206	2.10195	0.00231
1.207	2.10195	0.00231
1.208	2.10195	0.00231
1.209	2.10195	0.00231
1.21	2.10195	0.00231
1.211	2.10195	0.00231
1.212	2.10195	0.00231
1.213	2.10195	0.00231
1.214	2.10195	0.00231
1.215	2.10195	0.00231
1.216	2.10195	0.00231
1.217	2.10195	0.00231
1.218	2.10195	0.00231
1.219	2.10195	0.00231
1.22	2.10195	0.00231
1.221	2.10195	0.00231
1.222	2.10195	0.00231
1.223	2.10195	0.00231
1.224	2.10195	0.00231
1.225	2.10195	0.00231
1.226	2.10195	0.00231
1.227	2.10195	0.00231
1.228	2.10195	0.00231
1.229	2.10195	0.00231
1.23	2.10195	0.00231
1.231	2.10195	0.00231
1.232	2.10195	0.00231
1.233	2.10195	0.00231
1.234	2.10195	0.00231
1.235	2.10195	0.00231
1.236	2.10195	0.00231
1.237	2.10195	0.00231
1.238	2.10195	0.00231
1.239	2.10195	0.00231
1.24	2.10195	0.00231
1.241	2.10195	0.00231
1.242	2.10195	0.00231
1.243	2.10195	0.00231
1.244	2.10195	0.00231
1.245	2.10195	0.00231
1.246	2.10195	0.00231
1.247	2.10195	0.00231
1.248	2.10195	0.00231
1.249	2.10195	0.00231
1.25	2.10195	0.00231
1.251	2.10195	0.00231
1.252	2.10195	0.00231
1.253	2.10195	0.00231
1.254	2.10195	0.00231
1.255	2.10195	0.00231
1.256	2.10195	0.00231
1.257	2.10195	0.00231
1.258	2.10195	0.00231
1.259	2.10195	0.00231
1.26	2.10195	0.00231
1.261	2.10195	0.00231
1.262	2.10195	0.00231
1.263	2.10195	0.00231
1.264	2.10195	0.00231
1.265	2.10195	0.00231
1.266	2.10195	0.00231
1.267	2.10195	0.00231
1.268	2.10195	0.00231
1.269	2.10195	0.00231
1.27	2.10195	0.00231
1.271	2.10195	0.00231
1.272	2.10195	0.00231
1.273	2.10195	0.00231
1.274	2.10195	0.00231
1.275	2.10195	0.00231
1.276	2.10195	0.00231
1.277	2.10195	0.00231
1.278	2.10195	0.00231
1.279	2.10195	0.00231
1.28	2.10195	0.00231
1.281	2.10195	0.00231
1.282	2.10195	0.00231
1.283	2.10195	0.00231
1.284	2.10195	0.00231
1.285	2.10195	0.00231
1.286	2.10195	0.00231
1.287	2.10195	0.00231
1.288	2.10195	0.00231
1.289	2.10195	0.00231
1.29	2.10195	0.00231
1.291	2.10195	0.00231
1.292	2.10195	0.00231
1.293	2.10195	0.00231
1.294	2.10195	0.00231
1.295	2.10195	0.00231
1.296	2.10195	0.00231
1.297	2.10195	0.00231
1.298	2.10195	0.00231
1.299	2.10195	0.00231
1.3	2.10195	0.00231
1.301	2.10195	0.00231
1.302	2.10195	0.00231
1.303	2.10195	0.00231
1.304	2.10195	0.00231
1.305	2.10195	0.00231
1.306	2.10195	0.00231
1.307	2.10195	0.00231
1.308	2.10195	0.00231
1.309	2.10195	0.00231
1.31	2.10195	0.00231
1.311	2.10195	0.00231
1.312	2.10195	0.00231
1.313	2.10195	0.00231
1.314	2.10195	0.00231
1.315	2.10195	0.00231
1.316	2.10195	0.00231
1.317	2.10195	0.00231
1.318	2.10195	0.00231
1.319	2.10195	0.00231
1.32	2.10195	0.00231
1.321	2.10195	0.00231
1.322	2.10195	0.00231
1.323	2.10195	0.00231
1.324	2.10195	0.00231
1.325	2.10195	0.00231
1.326	2.10195	0.00231
1.327	2.10195	0.00231
1.328	2.10195	0.00231
1.329	2.10195	0.00231
1.33	2.10195	0.00231
1.331	2.10195	0.00231
1.332	2.10195	0.00231
1.333	2.10195	0.00231
1.334	2.10195	0.00231
1.335	2.10195	0.00231
1.336	2.10195	0.00231
1.337	2.10195	0.00231
1.338	2.10195	0.00231
1.339	2.10195	0.00231
1.34	2.10195	0.00231
1.341	2.10195	0.00231
1.342	2.10195	0.00231
1.343	2.10195	0.00231
1.344	2.10195	0.00231
1.345	2.10195	0.00231
1.346	2.10195	0.00231
1.347	2.10195	0.00231
1.348	2.10195	0.00231
1.349	2.10195	0.00231
1.35	2.10195	0.00231
1.351	2.10195	0.00231
1.352	2.10195	0.00231
1.353	2.10195	0.00231
1.354	2.10195	0.00231
1.355	2.10195	0.00231
1.356	2.10195	0.00231
1.357	2.10195	0.00231
1.358	2.10195	0.00231
1.359	2.10195	0.00231
1.36	2.10195	0.00231
1.361	2.10195	0.00231
1.362	2.10195	0.00231
1.363	2.10195	0.00231
1.364	2.10195	0.00231
1.365	2.10195	0.00231
1.366	2.10195	0.00231
1.367	2.10195	0.00231
1.368	2.10195	0.00231
1.369	2.10195	0.00231
1.37	2.10195	0.00231
1.371	2.10195	0.00231
1.372	2.10195	0.00231
1.373	2.10195	0.00231
1.374	2.10195	0.00231
1.375	2.10195	0.00231
1.376	2.10195	0.00231
1.377	2.10195	0.00231
1.378	2.10195	0.00231
1.379	2.10195	0.00231
1.38	2.10195	0.00231
1.381	2.10195	0.00231
1.382	2.10195	0.00231
1.383	2.10195	0.00231
1.384	2.10195	0.00231
1.385	2.10195	0.00231
1.386	2.10195	0.00231
1.387	2.10195	0.00231
1.388	2.10195	0.00231
1.389	2.10195	0.00231
1.39	2.10195	0.00231
1.391	2.10195	0.00231
1.392	2.10195	0.00231
1.393	2.10195	0.00231
1.394	2.10195	0.00231
1.395	2.10195	0.00231
1.396	2.10195	0.00231
1.397	2.10195	0.00231
1.398	2.10195	0.00231
1.399	2.10195	0.00231
1.4	2.10195	0.00231
1.401	2.10195	0.00231
1.402	2.10195	0.00231
1.403	2.10195	0.00231
1.404	2.10195	0.00231
1.405	2.10195	0.00231
1.406	2.10195	0.00231
1.407	2.10195	0.00231
1.408	2.10195	0.00231
1.409	2.10195	0.00231
1.41	2.10195	0.00231
1.411	2.10195	0.00231
1.412	2.10195	0.00231
1.413	2.10195	0.00231
1.414	2.10195	0.00231
1.415	2.10195	0.00231
1.416	2.10195	0.00231
1.417	2.10195	0.00231
1.418	2.10195	0.00231
1.419	2.10195	0.00231
1.42	2.10195	0.00231
1.421	2.10195	0.00231
1.422	2.10195	0.00231
1.423	2.10195	0.00231
1.424	2.10195	0.00231
1.425	2.10195	0.00231
1.426	2.10195	0.00231
1.427	2.10195	0.00231
1.428	2.10195	0.00231
1.429	2.10195	0.00231
1.43	2.10195	0.00231
1.431	2.10195	0.00231
1.432	2.10195	0.00231
1.433	2.10195	0.00231
1.434	2.10195	0.00231
1.435	2.10195	0.00231
1.436	2.10195	0.00231
1.437	2.10195	0.00231
1.438	2.10195	0.00231
1.439	2.10195	0.00231
1.44	2.10195	0.00231
1.441	2.10195	0.00231
1.442	2.10195	0.00231
1.443	2.10195	0.00231
1.444	2.10195	0.00231
1.445	2.10195	0.00231
1.446	2.10195	0.00231
1.447	2.10195	0.00231
1.448	2.10195	0.00231
1.449	2.10195	0.00231
1.45	2.10195	0.00231
1.451	2.10195	0.00231
1.452	2.10195	0.00231
1.453	2.10195	0.00231
1.454	2.10195	0.00231
1.455	2.10195	0.00231
1.456	2.10195	0.00231
1.457	2.10195	0.00231
1.458	2.10195	0.00231
1.459	2.10195	0.00231
1.46	2.10195	0.00231
1.461	2.10195	0.00231
1.462	2.10195	0.00231
1.463	2.10195	0.00231
1.464	2.10195	0.00231
1.465	2.10195	0.00231
1.466	2.10195	0.00231
1.467	2.10195	0.00231
1.468	2.10195	0.00231
1.469	2.10195	0.00231
1.47	2.10195	0.00231
1.471	2.10195	0.00231
1.472	2.10195	0.00231
1.473	2.10195	0.00231
1.474	2.10195	0.00231
1.475	2.10195	0.00231
1.476	2.10195	0.00231
1.477	2.10195	0.00231
1.478	2.10195	0.00231
1.479	2.10195	0.00231
1.48	2.10195	0.00231
1.481	2.10195	0.00231
1.482	2.10195	0.00231
1.483	2.10195	0.00231
1.484	2.10195	0.00231
1.485	2.10195	0.00231
1.486	2.10195	0.00231
1.487	2.10195	0.00231
1.488	2.10195	0.00231
1.489	2.10195	0.00231
1.49	2.10195	0.00231
1.491	2.10195	0.00231
1.492	2.10195	0.00231
1.493	2.10195	0.00231
1.494	2.10195	0.00231
1.495	2.10195	0.00231
1.496	2.10195	0.00231
1.497	2.10195	0.00231
1.498	2.10195	0.00231
1.499	2.10195	0.00231
1.5	2.10195	0.00231