0.3	2.40191	0.04364
0.301	2.40006	0.04284
0.302	2.39821	0.04205
0.303	2.39635	0.04125
0.304	2.3945	0.04058
0.305	2.39265	0.03996
0.306	2.39081	0.03945
0.307	2.38899	0.03902
0.308	2.38719	0.03862
0.309	2.38545	0.03833
0.31	2.38372	0.03807
0.311	2.38204	0.03785
0.312	2.3804	0.03769
0.313	2.3788	0.03754
0.314	2.37725	0.03742
0.315	2.37574	0.03732
0.316	2.37425	0.03723
0.317	2.37282	0.03715
0.318	2.37141	0.03707
0.319	2.37003	0.03699
0.32	2.36869	0.0369
0.321	2.36736	0.03681
0.322	2.36605	0.03671
0.323	2.36476	0.03661
0.324	2.36347	0.0365
0.325	2.36221	0.03638
0.326	2.36094	0.03626
0.327	2.35969	0.03614
0.328	2.35844	0.03602
0.329	2.3572	0.0359
0.33	2.35597	0.03578
0.331	2.35475	0.03567
0.332	2.35354	0.03557
0.333	2.35236	0.03548
0.334	2.35119	0.03539
0.335	2.35005	0.0353
0.336	2.34894	0.03522
0.337	2.34784	0.03513
0.338	2.34679	0.03504
0.339	2.34578	0.03493
0.34	2.34478	0.03482
0.341	2.34385	0.03467
0.342	2.34293	0.0345
0.343	2.34205	0.0343
0.344	2.3412	0.03404
0.345	2.34038	0.03375
0.346	2.33957	0.03339
0.347	2.33877	0.03298
0.348	2.33798	0.03253
0.349	2.33719	0.03199
0.35	2.33638	0.0314
0.351	2.33556	0.03076
0.352	2.3347	0.03004
0.353	2.33383	0.02928
0.354	2.3329	0.02845
0.355	2.33192	0.02758
0.356	2.33091	0.02667
0.357	2.32981	0.02572
0.358	2.32867	0.02474
0.359	2.32747	0.02374
0.36	2.32618	0.02272
0.361	2.32485	0.0217
0.362	2.32343	0.02067
0.363	2.32195	0.01965
0.364	2.32043	0.01863
0.365	2.31882	0.01765
0.366	2.31717	0.01669
0.367	2.31547	0.01575
0.368	2.31371	0.01486
0.369	2.31192	0.01399
0.37	2.31008	0.01317
0.371	2.3082	0.01239
0.372	2.30631	0.01164
0.373	2.30438	0.01095
0.374	2.30244	0.0103
0.375	2.30048	0.00969
0.376	2.2985	0.00913
0.377	2.29653	0.00859
0.378	2.29454	0.00811
0.379	2.29256	0.00767
0.38	2.29058	0.00726
0.381	2.28861	0.00689
0.382	2.28664	0.00656
0.383	2.28468	0.00624
0.384	2.28274	0.00597
0.385	2.2808	0.00571
0.386	2.27888	0.00549
0.387	2.27697	0.00528
0.388	2.27506	0.00509
0.389	2.27318	0.00492
0.39	2.27131	0.00477
0.391	2.26946	0.00463
0.392	2.26762	0.00451
0.393	2.26579	0.0044
0.394	2.26398	0.00429
0.395	2.26218	0.0042
0.396	2.26039	0.00412
0.397	2.25862	0.00404
0.398	2.25686	0.00397
0.399	2.2551	0.0039
0.4	2.25337	0.00384
0.401	2.25163	0.00379
0.402	2.24992	0.00373
0.403	2.24821	0.00368
0.404	2.2465	0.00363
0.405	2.24481	0.00359
0.406	2.24313	0.00354
0.407	2.24155	0.0035
0.408	2.23999	0.00346
0.409	2.23843	0.00342
0.41	2.23688	0.00338
0.411	2.23534	0.00334
0.412	2.2338	0.0033
0.413	2.23236	0.00327
0.414	2.23092	0.00323
0.415	2.22949	0.00319
0.416	2.22807	0.00315
0.417	2.22665	0.00312
0.418	2.22523	0.00308
0.419	2.2239	0.00304
0.42	2.22258	0.003
0.421	2.22126	0.00297
0.422	2.21994	0.00293
0.423	2.21863	0.00289
0.424	2.21731	0.00285
0.425	2.21608	0.00281
0.426	2.21485	0.00277
0.427	2.21362	0.00273
0.428	2.2124	0.00269
0.429	2.21117	0.00265
0.43	2.20995	0.00261
0.431	2.2088	0.00257
0.432	2.20765	0.00253
0.433	2.2065	0.00249
0.434	2.20535	0.00245
0.435	2.20421	0.00241
0.436	2.20307	0.00237
0.437	2.20199	0.00233
0.438	2.20091	0.00229
0.439	2.19983	0.00225
0.44	2.19876	0.00221
0.441	2.19768	0.00217
0.442	2.19661	0.00213
0.443	2.19559	0.00209
0.444	2.19458	0.00205
0.445	2.19356	0.00201
0.446	2.19255	0.00197
0.447	2.19154	0.00193
0.448	2.19052	0.0019
0.449	2.18956	0.00186
0.45	2.1886	0.00182
0.451	2.18765	0.00178
0.452	2.18669	0.00174
0.453	2.18573	0.00171
0.454	2.18477	0.00167
0.455	2.18387	0.00163
0.456	2.18296	0.0016
0.457	2.18205	0.00156
0.458	2.18114	0.00153
0.459	2.18023	0.00149
0.46	2.17933	0.00146
0.461	2.17846	0.00143
0.462	2.1776	0.00139
0.463	2.17674	0.00136
0.464	2.17587	0.00133
0.465	2.17501	0.0013
0.466	2.17415	0.00127
0.467	2.17333	0.00124
0.468	2.1725	0.00121
0.469	2.17168	0.00119
0.47	2.17086	0.00116
0.471	2.17004	0.00114
0.472	2.16921	0.00111
0.473	2.16843	0.00109
0.474	2.16764	0.00107
0.475	2.16686	0.00105
0.476	2.16607	0.00103
0.477	2.16529	0.00101
0.478	2.1645	9.91E-4
0.479	2.16375	9.75478E-4
0.48	2.163	9.62428E-4
0.481	2.16225	9.50609E-4
0.482	2.1615	9.40297E-4
0.483	2.16075	9.32469E-4
0.484	2.16	9.25903E-4
0.485	2.15928	9.21684E-4
0.486	2.15856	9.19731E-4
0.487	2.15784	9.19175E-4
0.488	2.15713	9.21675E-4
0.489	2.15641	9.25808E-4
0.49	2.1557	9.31783E-4
0.491	2.15501	9.41025E-4
0.492	2.15433	9.51742E-4
0.493	2.15364	9.65107E-4
0.494	2.15296	9.81075E-4
0.495	2.15228	9.98547E-4
0.496	2.15161	0.00102
0.497	2.15096	0.00104
0.498	2.15031	0.00107
0.499	2.14967	0.00109
0.5	2.14903	0.00112
0.501	2.14839	0.00115
0.502	2.14775	0.00118
0.503	2.14714	0.00122
0.504	2.14654	0.00125
0.505	2.14593	0.00129
0.506	2.14533	0.00132
0.507	2.14474	0.00136
0.508	2.14414	0.0014
0.509	2.14358	0.00144
0.51	2.14301	0.00148
0.511	2.14245	0.00152
0.512	2.1419	0.00155
0.513	2.14134	0.00159
0.514	2.14079	0.00163
0.515	2.14026	0.00167
0.516	2.13974	0.0017
0.517	2.13922	0.00174
0.518	2.1387	0.00177
0.519	2.13819	0.0018
0.52	2.13767	0.00183
0.521	2.13718	0.00186
0.522	2.13669	0.00188
0.523	2.13621	0.00191
0.524	2.13572	0.00193
0.525	2.13524	0.00195
0.526	2.13475	0.00196
0.527	2.13429	0.00198
0.528	2.13383	0.00199
0.529	2.13336	0.002
0.53	2.1329	0.002
0.531	2.13243	0.00201
0.532	2.13197	0.00201
0.533	2.13152	0.00201
0.534	2.13108	0.00201
0.535	2.13063	0.00201
0.536	2.13017	0.002
0.537	2.12972	0.002
0.538	2.12927	0.00199
0.539	2.12883	0.00198
0.54	2.12839	0.00197
0.541	2.12795	0.00196
0.542	2.1275	0.00196
0.543	2.12705	0.00195
0.544	2.1266	0.00194
0.545	2.12617	0.00193
0.546	2.12573	0.00192
0.547	2.12529	0.00192
0.548	2.12485	0.00191
0.549	2.1244	0.00191
0.55	2.12396	0.00191
0.551	2.12353	0.00191
0.552	2.12309	0.00191
0.553	2.12266	0.00191
0.554	2.12222	0.00192
0.555	2.12178	0.00193
0.556	2.12134	0.00195
0.557	2.12092	0.00196
0.558	2.12049	0.00198
0.559	2.12006	0.00201
0.56	2.11964	0.00203
0.561	2.11921	0.00206
0.562	2.11879	0.0021
0.563	2.11838	0.00213
0.564	2.11797	0.00217
0.565	2.11756	0.00222
0.566	2.11715	0.00227
0.567	2.11675	0.00232
0.568	2.11635	0.00237
0.569	2.11596	0.00243
0.57	2.11558	0.00249
0.571	2.11519	0.00256
0.572	2.11482	0.00263
0.573	2.11444	0.00269
0.574	2.11407	0.00277
0.575	2.11372	0.00284
0.576	2.11336	0.00292
0.577	2.11302	0.003
0.578	2.11268	0.00308
0.579	2.11234	0.00316
0.58	2.112	0.00324
0.581	2.11169	0.00333
0.582	2.11137	0.00341
0.583	2.11107	0.0035
0.584	2.11076	0.00358
0.585	2.11047	0.00366
0.586	2.11017	0.00375
0.587	2.10989	0.00383
0.588	2.10962	0.00391
0.589	2.10935	0.00399
0.59	2.10909	0.00407
0.591	2.10883	0.00415
0.592	2.10857	0.00422
0.593	2.10833	0.00429
0.594	2.1081	0.00436
0.595	2.10787	0.00443
0.596	2.10764	0.00449
0.597	2.10741	0.00455
0.598	2.10719	0.00461
0.599	2.10698	0.00466
0.6	2.10678	0.00471
0.601	2.10657	0.00476
0.602	2.10637	0.0048
0.603	2.10618	0.00483
0.604	2.10598	0.00487
0.605	2.10579	0.00489
0.606	2.10561	0.00492
0.607	2.10543	0.00494
0.608	2.10525	0.00495
0.609	2.10507	0.00496
0.61	2.10489	0.00497
0.611	2.10472	0.00497
0.612	2.10455	0.00496
0.613	2.10438	0.00495
0.614	2.10421	0.00494
0.615	2.10404	0.00492
0.616	2.10386	0.0049
0.617	2.1037	0.00488
0.618	2.10353	0.00485
0.619	2.10336	0.00481
0.62	2.10319	0.00478
0.621	2.10302	0.00473
0.622	2.10285	0.00469
0.623	2.10268	0.00464
0.624	2.10251	0.00459
0.625	2.10234	0.00453
0.626	2.10217	0.00448
0.627	2.10199	0.00442
0.628	2.10181	0.00435
0.629	2.10163	0.00429
0.63	2.10146	0.00422
0.631	2.10127	0.00415
0.632	2.10109	0.00407
0.633	2.1009	0.004
0.634	2.10071	0.00392
0.635	2.10053	0.00385
0.636	2.10034	0.00377
0.637	2.10014	0.00369
0.638	2.09995	0.00361
0.639	2.09975	0.00353
0.64	2.09955	0.00345
0.641	2.09935	0.00336
0.642	2.09915	0.00328
0.643	2.09894	0.0032
0.644	2.09874	0.00311
0.645	2.09852	0.00303
0.646	2.09831	0.00295
0.647	2.0981	0.00287
0.648	2.09789	0.00278
0.649	2.09768	0.0027
0.65	2.09746	0.00262
0.651	2.09724	0.00254
0.652	2.09701	0.00246
0.653	2.0968	0.00239
0.654	2.09657	0.00231
0.655	2.09635	0.00223
0.656	2.09613	0.00216
0.657	2.0959	0.00208
0.658	2.09567	0.00201
0.659	2.09544	0.00194
0.66	2.09522	0.00187
0.661	2.09499	0.0018
0.662	2.09476	0.00174
0.663	2.09453	0.00167
0.664	2.09429	0.00161
0.665	2.09406	0.00155
0.666	2.09383	0.00149
0.667	2.0936	0.00143
0.668	2.09337	0.00137
0.669	2.09314	0.00131
0.67	2.0929	0.00126
0.671	2.09267	0.00121
0.672	2.09244	0.00116
0.673	2.09221	0.00111
0.674	2.09198	0.00106
0.675	2.09175	0.00101
0.676	2.09152	9.68071E-4
0.677	2.09129	9.25191E-4
0.678	2.09106	8.83332E-4
0.679	2.09084	8.42826E-4
0.68	2.09061	8.04337E-4
0.681	2.09038	7.66759E-4
0.682	2.09015	7.30684E-4
0.683	2.08993	6.96136E-4
0.684	2.0897	6.62502E-4
0.685	2.08948	6.30698E-4
0.686	2.08925	6.00083E-4
0.687	2.08903	5.70524E-4
0.688	2.08881	5.42573E-4
0.689	2.08859	5.15351E-4
0.69	2.08837	4.89244E-4
0.691	2.08815	4.64494E-4
0.692	2.08793	4.40475E-4
0.693	2.08772	4.17848E-4
0.694	2.0875	3.96203E-4
0.695	2.08729	3.75215E-4
0.696	2.08707	3.55595E-4
0.697	2.08686	3.3663E-4
0.698	2.08665	3.18434E-4
0.699	2.08644	3.01491E-4
0.7	2.08623	2.85021E-4
0.701	2.08602	2.69256E-4
0.702	2.08582	2.54489E-4
0.703	2.08561	2.40256E-4
0.704	2.08541	2.26965E-4
0.705	2.0852	2.14215E-4
0.706	2.085	2.01873E-4
0.707	2.0848	1.90628E-4
0.708	2.0846	1.79718E-4
0.709	2.0844	1.69275E-4
0.71	2.0842	1.5962E-4
0.711	2.08401	1.50285E-4
0.712	2.08381	1.41424E-4
0.713	2.08362	1.33166E-4
0.714	2.08342	1.25256E-4
0.715	2.08323	1.1782E-4
0.716	2.08304	1.10794E-4
0.717	2.08285	1.04149E-4
0.718	2.08266	9.79494E-5
0.719	2.08247	9.19494E-5
0.72	2.08229	8.62532E-5
0.721	2.0821	8.10255E-5
0.722	2.08192	7.60032E-5
0.723	2.08173	7.12563E-5
0.724	2.08155	6.69082E-5
0.725	2.08137	6.2801E-5
0.726	2.08119	5.88201E-5
0.727	2.08101	5.50791E-5
0.728	2.08083	5.15981E-5
0.729	2.08065	4.84019E-5
0.73	2.08047	4.53328E-5
0.731	2.08029	4.24666E-5
0.732	2.08012	3.98513E-5
0.733	2.07994	3.73465E-5
0.734	2.07977	3.49731E-5
0.735	2.0796	3.27787E-5
0.736	2.07942	3.0712E-5
0.737	2.07925	2.88133E-5
0.738	2.07908	2.70494E-5
0.739	2.07891	2.5457E-5
0.74	2.07874	2.40111E-5
0.741	2.07857	2.26329E-5
0.742	2.07841	2.13671E-5
0.743	2.07824	2.02086E-5
0.744	2.07807	1.91171E-5
0.745	2.07791	1.81677E-5
0.746	2.07774	1.73041E-5
0.747	2.07758	1.6508E-5
0.748	2.07741	1.58734E-5
0.749	2.07725	1.53041E-5
0.75	2.07709	1.48264E-5
0.751	2.07693	1.44825E-5
0.752	2.07677	1.42073E-5
0.753	2.07661	1.40491E-5
0.754	2.07645	1.4E-5
0.755	2.07629	1.4019E-5
0.756	2.07613	1.41772E-5
0.757	2.07597	1.4422E-5
0.758	2.07582	1.47404E-5
0.759	2.07566	1.52134E-5
0.76	2.0755	1.58165E-5
0.761	2.07534	1.66076E-5
0.762	2.07519	1.75334E-5
0.763	2.07503	1.85685E-5
0.764	2.07488	1.98424E-5
0.765	2.07472	2.12184E-5
0.766	2.07457	2.26752E-5
0.767	2.07442	2.44268E-5
0.768	2.07426	2.63471E-5
0.769	2.07411	2.84172E-5
0.77	2.07396	3.0793E-5
0.771	2.07381	3.33608E-5
0.772	2.07365	3.62089E-5
0.773	2.0735	3.93296E-5
0.774	2.07335	4.2629E-5
0.775	2.0732	4.62914E-5
0.776	2.07305	5.02739E-5
0.777	2.0729	5.44618E-5
0.778	2.07275	5.90796E-5
0.779	2.0726	6.4035E-5
0.78	2.07245	6.92898E-5
0.781	2.0723	7.51203E-5
0.782	2.07215	8.12309E-5
0.783	2.072	8.77596E-5
0.784	2.07185	9.49331E-5
0.785	2.07171	1.02449E-4
0.786	2.07156	1.1057E-4
0.787	2.07141	1.19225E-4
0.788	2.07126	1.28237E-4
0.789	2.07112	1.3811E-4
0.79	2.07097	1.48404E-4
0.791	2.07082	1.59073E-4
0.792	2.07068	1.70812E-4
0.793	2.07053	1.8303E-4
0.794	2.07039	1.95928E-4
0.795	2.07024	2.0974E-4
0.796	2.07009	2.24032E-4
0.797	2.06995	2.39159E-4
0.798	2.06981	2.55261E-4
0.799	2.06966	2.71944E-4
0.8	2.06952	2.89619E-4
0.801	2.06938	3.08135E-4
0.802	2.06923	3.27365E-4
0.803	2.06909	3.47725E-4
0.804	2.06895	3.6876E-4
0.805	2.06881	3.90734E-4
0.806	2.06867	4.13912E-4
0.807	2.06853	4.37707E-4
0.808	2.06839	4.62548E-4
0.809	2.06825	4.88503E-4
0.81	2.06812	5.15167E-4
0.811	2.06798	5.43372E-4
0.812	2.06785	5.72382E-4
0.813	2.06771	6.02E-4
0.814	2.06758	6.33051E-4
0.815	2.06744	6.64855E-4
0.816	2.06731	6.97658E-4
0.817	2.06718	7.31881E-4
0.818	2.06705	7.66748E-4
0.819	2.06692	8.02576E-4
0.82	2.06679	8.39567E-4
0.821	2.06667	8.77256E-4
0.822	2.06654	9.16359E-4
0.823	2.06642	9.56268E-4
0.824	2.0663	9.96752E-4
0.825	2.06618	0.00104
0.826	2.06606	0.00108
0.827	2.06594	0.00112
0.828	2.06582	0.00117
0.829	2.06571	0.00121
0.83	2.06559	0.00126
0.831	2.06548	0.00131
0.832	2.06537	0.00135
0.833	2.06526	0.0014
0.834	2.06516	0.00145
0.835	2.06505	0.0015
0.836	2.06495	0.00155
0.837	2.06485	0.0016
0.838	2.06475	0.00165
0.839	2.06465	0.0017
0.84	2.06456	0.00175
0.841	2.06447	0.0018
0.842	2.06437	0.00185
0.843	2.06428	0.0019
0.844	2.0642	0.00195
0.845	2.06411	0.002
0.846	2.06403	0.00205
0.847	2.06395	0.0021
0.848	2.06387	0.00215
0.849	2.06379	0.0022
0.85	2.06372	0.00225
0.851	2.06364	0.0023
0.852	2.06357	0.00235
0.853	2.0635	0.0024
0.854	2.06344	0.00245
0.855	2.06337	0.00249
0.856	2.06331	0.00254
0.857	2.06324	0.00258
0.858	2.06319	0.00263
0.859	2.06313	0.00267
0.86	2.06307	0.00271
0.861	2.06302	0.00276
0.862	2.06296	0.0028
0.863	2.06291	0.00283
0.864	2.06287	0.00287
0.865	2.06282	0.00291
0.866	2.06277	0.00294
0.867	2.06273	0.00298
0.868	2.06268	0.00301
0.869	2.06264	0.00304
0.87	2.0626	0.00307
0.871	2.06256	0.0031
0.872	2.06253	0.00312
0.873	2.06249	0.00315
0.874	2.06245	0.00317
0.875	2.06242	0.00319
0.876	2.06238	0.00321
0.877	2.06235	0.00323
0.878	2.06232	0.00324
0.879	2.06229	0.00326
0.88	2.06225	0.00327
0.881	2.06223	0.00328
0.882	2.0622	0.00329
0.883	2.06217	0.0033
0.884	2.06214	0.0033
0.885	2.06211	0.00331
0.886	2.06208	0.00331
0.887	2.06205	0.00331
0.888	2.06202	0.00331
0.889	2.062	0.0033
0.89	2.06197	0.0033
0.891	2.06194	0.00329
0.892	2.06191	0.00328
0.893	2.06188	0.00327
0.894	2.06185	0.00326
0.895	2.06183	0.00325
0.896	2.0618	0.00323
0.897	2.06177	0.00322
0.898	2.06174	0.0032
0.899	2.06171	0.00318
0.9	2.06167	0.00316
0.901	2.06164	0.00314
0.902	2.06161	0.00311
0.903	2.06158	0.00309
0.904	2.06154	0.00306
0.905	2.06151	0.00304
0.906	2.06147	0.00301
0.907	2.06144	0.00298
0.908	2.0614	0.00295
0.909	2.06136	0.00292
0.91	2.06132	0.00288
0.911	2.06128	0.00285
0.912	2.06124	0.00282
0.913	2.0612	0.00278
0.914	2.06116	0.00275
0.915	2.06111	0.00271
0.916	2.06107	0.00267
0.917	2.06102	0.00263
0.918	2.06098	0.0026
0.919	2.06093	0.00256
0.92	2.06088	0.00252
0.921	2.06083	0.00248
0.922	2.06078	0.00244
0.923	2.06073	0.0024
0.924	2.06067	0.00236
0.925	2.06062	0.00232
0.926	2.06056	0.00227
0.927	2.06051	0.00223
0.928	2.06045	0.00219
0.929	2.06039	0.00215
0.93	2.06033	0.00211
0.931	2.06027	0.00207
0.932	2.06021	0.00202
0.933	2.06015	0.00198
0.934	2.06009	0.00194
0.935	2.06002	0.0019
0.936	2.05996	0.00186
0.937	2.05989	0.00182
0.938	2.05983	0.00178
0.939	2.05976	0.00174
0.94	2.05969	0.0017
0.941	2.05962	0.00166
0.942	2.05955	0.00162
0.943	2.05948	0.00158
0.944	2.05941	0.00154
0.945	2.05934	0.0015
0.946	2.05927	0.00146
0.947	2.05919	0.00143
0.948	2.05912	0.00139
0.949	2.05905	0.00135
0.95	2.05897	0.00132
0.951	2.05889	0.00128
0.952	2.05882	0.00125
0.953	2.05874	0.00121
0.954	2.05867	0.00118
0.955	2.05859	0.00115
0.956	2.05851	0.00111
0.957	2.05843	0.00108
0.958	2.05835	0.00105
0.959	2.05827	0.00102
0.96	2.0582	9.88589E-4
0.961	2.05812	9.5875E-4
0.962	2.05804	9.29718E-4
0.963	2.05796	9.01112E-4
0.964	2.05788	8.73028E-4
0.965	2.0578	8.45842E-4
0.966	2.05772	8.19152E-4
0.967	2.05763	7.93184E-4
0.968	2.05755	7.67606E-4
0.969	2.05747	7.42468E-4
0.97	2.05739	7.18274E-4
0.971	2.05731	6.94552E-4
0.972	2.05723	6.71215E-4
0.973	2.05715	6.48795E-4
0.974	2.05707	6.26884E-4
0.975	2.05699	6.05338E-4
0.976	2.0569	5.84558E-4
0.977	2.05682	5.64287E-4
0.978	2.05674	5.44448E-4
0.979	2.05666	5.25286E-4
0.98	2.05658	5.06568E-4
0.981	2.0565	4.88386E-4
0.982	2.05642	4.70898E-4
0.983	2.05634	4.53731E-4
0.984	2.05626	4.3701E-4
0.985	2.05618	4.21039E-4
0.986	2.0561	4.0538E-4
0.987	2.05602	3.9012E-4
0.988	2.05593	3.75453E-4
0.989	2.05586	3.61176E-4
0.99	2.05578	3.47627E-4
0.991	2.0557	3.34334E-4
0.992	2.05562	3.2125E-4
0.993	2.05554	3.0875E-4
0.994	2.05546	2.96614E-4
0.995	2.05538	2.84777E-4
0.996	2.0553	2.73648E-4
0.997	2.05522	2.62791E-4
0.998	2.05515	2.52239E-4
0.999	2.05507	2.4214E-4
1	2.05499	2.3295E-4