0.3	2.40162	0.04439
0.301	2.39976	0.04359
0.302	2.3979	0.04278
0.303	2.39604	0.04198
0.304	2.39417	0.0413
0.305	2.39231	0.04066
0.306	2.39046	0.04013
0.307	2.38863	0.03967
0.308	2.38682	0.03926
0.309	2.38506	0.03894
0.31	2.38333	0.03866
0.311	2.38163	0.03843
0.312	2.37999	0.03826
0.313	2.37837	0.0381
0.314	2.3768	0.03797
0.315	2.37527	0.03786
0.316	2.37377	0.03776
0.317	2.37233	0.03767
0.318	2.37092	0.03758
0.319	2.36953	0.03749
0.32	2.36817	0.0374
0.321	2.36683	0.0373
0.322	2.36551	0.03719
0.323	2.36421	0.03707
0.324	2.36291	0.03694
0.325	2.36164	0.03681
0.326	2.36036	0.03668
0.327	2.3591	0.03654
0.328	2.35784	0.03641
0.329	2.35659	0.03628
0.33	2.35535	0.03616
0.331	2.35412	0.03605
0.332	2.3529	0.03594
0.333	2.3517	0.03584
0.334	2.35053	0.03574
0.335	2.34937	0.03565
0.336	2.34825	0.03556
0.337	2.34715	0.03548
0.338	2.34609	0.03538
0.339	2.34507	0.03527
0.34	2.34407	0.03516
0.341	2.34312	0.035
0.342	2.3422	0.03483
0.343	2.34131	0.03462
0.344	2.34046	0.03435
0.345	2.33962	0.03406
0.346	2.33881	0.0337
0.347	2.338	0.03329
0.348	2.3372	0.03284
0.349	2.3364	0.03229
0.35	2.33559	0.03171
0.351	2.33476	0.03106
0.352	2.3339	0.03034
0.353	2.33301	0.02958
0.354	2.33208	0.02876
0.355	2.3311	0.02789
0.356	2.33008	0.02699
0.357	2.32898	0.02604
0.358	2.32784	0.02506
0.359	2.32663	0.02407
0.36	2.32534	0.02305
0.361	2.32401	0.02203
0.362	2.3226	0.02101
0.363	2.32112	0.02
0.364	2.3196	0.01899
0.365	2.31799	0.01801
0.366	2.31635	0.01705
0.367	2.31465	0.01612
0.368	2.31289	0.01523
0.369	2.31111	0.01436
0.37	2.30928	0.01354
0.371	2.30741	0.01277
0.372	2.30552	0.01202
0.373	2.3036	0.01134
0.374	2.30167	0.01068
0.375	2.29972	0.01007
0.376	2.29775	0.00951
0.377	2.29578	0.00898
0.378	2.29381	0.0085
0.379	2.29184	0.00806
0.38	2.28986	0.00764
0.381	2.2879	0.00728
0.382	2.28594	0.00694
0.383	2.28399	0.00663
0.384	2.28205	0.00635
0.385	2.28012	0.00609
0.386	2.27821	0.00586
0.387	2.27631	0.00565
0.388	2.27441	0.00546
0.389	2.27254	0.00529
0.39	2.27068	0.00514
0.391	2.26883	0.005
0.392	2.26701	0.00487
0.393	2.26519	0.00476
0.394	2.26338	0.00465
0.395	2.26159	0.00456
0.396	2.25981	0.00447
0.397	2.25804	0.00439
0.398	2.25629	0.00432
0.399	2.25455	0.00425
0.4	2.25282	0.00418
0.401	2.25109	0.00412
0.402	2.24938	0.00407
0.403	2.24768	0.00401
0.404	2.24599	0.00396
0.405	2.2443	0.00392
0.406	2.24263	0.00387
0.407	2.24106	0.00382
0.408	2.23951	0.00378
0.409	2.23796	0.00374
0.41	2.23641	0.00369
0.411	2.23487	0.00365
0.412	2.23334	0.00361
0.413	2.23191	0.00357
0.414	2.23048	0.00353
0.415	2.22906	0.00349
0.416	2.22764	0.00345
0.417	2.22622	0.00341
0.418	2.22481	0.00337
0.419	2.22349	0.00333
0.42	2.22217	0.00329
0.421	2.22086	0.00325
0.422	2.21954	0.00321
0.423	2.21823	0.00317
0.424	2.21693	0.00313
0.425	2.2157	0.00308
0.426	2.21447	0.00304
0.427	2.21325	0.003
0.428	2.21203	0.00296
0.429	2.21081	0.00292
0.43	2.20959	0.00288
0.431	2.20845	0.00283
0.432	2.2073	0.00279
0.433	2.20616	0.00275
0.434	2.20502	0.00271
0.435	2.20388	0.00266
0.436	2.20274	0.00262
0.437	2.20166	0.00258
0.438	2.20059	0.00254
0.439	2.19952	0.00249
0.44	2.19844	0.00245
0.441	2.19737	0.00241
0.442	2.1963	0.00237
0.443	2.19529	0.00233
0.444	2.19428	0.00228
0.445	2.19327	0.00224
0.446	2.19226	0.0022
0.447	2.19125	0.00216
0.448	2.19024	0.00212
0.449	2.18928	0.00208
0.45	2.18833	0.00204
0.451	2.18737	0.002
0.452	2.18642	0.00196
0.453	2.18547	0.00192
0.454	2.18451	0.00189
0.455	2.18361	0.00185
0.456	2.1827	0.00181
0.457	2.1818	0.00177
0.458	2.18089	0.00174
0.459	2.17999	0.0017
0.46	2.17908	0.00167
0.461	2.17822	0.00163
0.462	2.17736	0.0016
0.463	2.1765	0.00156
0.464	2.17564	0.00153
0.465	2.17478	0.0015
0.466	2.17392	0.00147
0.467	2.1731	0.00144
0.468	2.17228	0.00141
0.469	2.17147	0.00138
0.47	2.17065	0.00135
0.471	2.16983	0.00132
0.472	2.16901	0.0013
0.473	2.16822	0.00127
0.474	2.16744	0.00125
0.475	2.16666	0.00123
0.476	2.16588	0.00121
0.477	2.16509	0.00119
0.478	2.16431	0.00117
0.479	2.16356	0.00115
0.48	2.16281	0.00114
0.481	2.16206	0.00112
0.482	2.16132	0.00111
0.483	2.16057	0.0011
0.484	2.15982	0.0011
0.485	2.1591	0.00109
0.486	2.15839	0.00109
0.487	2.15767	0.00108
0.488	2.15696	0.00109
0.489	2.15625	0.00109
0.49	2.15553	0.00109
0.491	2.15485	0.0011
0.492	2.15417	0.00111
0.493	2.15349	0.00112
0.494	2.15281	0.00114
0.495	2.15213	0.00115
0.496	2.15146	0.00117
0.497	2.15081	0.00119
0.498	2.15017	0.00121
0.499	2.14953	0.00124
0.5	2.14889	0.00127
0.501	2.14825	0.00129
0.502	2.14761	0.00132
0.503	2.14701	0.00136
0.504	2.1464	0.00139
0.505	2.1458	0.00142
0.506	2.1452	0.00146
0.507	2.14461	0.0015
0.508	2.14402	0.00153
0.509	2.14345	0.00157
0.51	2.14289	0.00161
0.511	2.14233	0.00164
0.512	2.14177	0.00168
0.513	2.14122	0.00172
0.514	2.14067	0.00175
0.515	2.14015	0.00179
0.516	2.13962	0.00182
0.517	2.13911	0.00186
0.518	2.13859	0.00189
0.519	2.13807	0.00192
0.52	2.13756	0.00195
0.521	2.13707	0.00197
0.522	2.13658	0.002
0.523	2.1361	0.00202
0.524	2.13561	0.00204
0.525	2.13513	0.00206
0.526	2.13465	0.00207
0.527	2.13418	0.00208
0.528	2.13372	0.00209
0.529	2.13326	0.0021
0.53	2.1328	0.00211
0.531	2.13233	0.00211
0.532	2.13187	0.00211
0.533	2.13142	0.00211
0.534	2.13098	0.00211
0.535	2.13053	0.00211
0.536	2.13008	0.0021
0.537	2.12963	0.0021
0.538	2.12917	0.00209
0.539	2.12874	0.00208
0.54	2.1283	0.00207
0.541	2.12785	0.00206
0.542	2.12741	0.00205
0.543	2.12696	0.00204
0.544	2.12651	0.00203
0.545	2.12608	0.00202
0.546	2.12564	0.00201
0.547	2.1252	0.00201
0.548	2.12476	0.002
0.549	2.12432	0.002
0.55	2.12388	0.002
0.551	2.12344	0.00199
0.552	2.12301	0.002
0.553	2.12258	0.002
0.554	2.12214	0.00201
0.555	2.1217	0.00202
0.556	2.12127	0.00203
0.557	2.12084	0.00205
0.558	2.12042	0.00207
0.559	2.11999	0.00209
0.56	2.11957	0.00211
0.561	2.11914	0.00214
0.562	2.11872	0.00218
0.563	2.11831	0.00221
0.564	2.1179	0.00225
0.565	2.11749	0.0023
0.566	2.11709	0.00234
0.567	2.11669	0.00239
0.568	2.11628	0.00245
0.569	2.1159	0.00251
0.57	2.11552	0.00257
0.571	2.11514	0.00263
0.572	2.11476	0.00269
0.573	2.11438	0.00276
0.574	2.11401	0.00283
0.575	2.11366	0.00291
0.576	2.11331	0.00298
0.577	2.11296	0.00306
0.578	2.11262	0.00314
0.579	2.11228	0.00322
0.58	2.11195	0.0033
0.581	2.11163	0.00338
0.582	2.11132	0.00347
0.583	2.11102	0.00355
0.584	2.11071	0.00363
0.585	2.11042	0.00372
0.586	2.11012	0.0038
0.587	2.10984	0.00388
0.588	2.10957	0.00396
0.589	2.1093	0.00404
0.59	2.10904	0.00412
0.591	2.10878	0.00419
0.592	2.10852	0.00427
0.593	2.10828	0.00434
0.594	2.10805	0.0044
0.595	2.10782	0.00447
0.596	2.10759	0.00453
0.597	2.10736	0.00459
0.598	2.10714	0.00465
0.599	2.10693	0.0047
0.6	2.10673	0.00475
0.601	2.10652	0.00479
0.602	2.10632	0.00483
0.603	2.10612	0.00487
0.604	2.10593	0.0049
0.605	2.10574	0.00493
0.606	2.10556	0.00495
0.607	2.10538	0.00497
0.608	2.10519	0.00498
0.609	2.10501	0.00499
0.61	2.10483	0.00499
0.611	2.10466	0.005
0.612	2.10449	0.00499
0.613	2.10432	0.00498
0.614	2.10415	0.00497
0.615	2.10398	0.00495
0.616	2.1038	0.00493
0.617	2.10364	0.0049
0.618	2.10347	0.00487
0.619	2.1033	0.00484
0.62	2.10313	0.0048
0.621	2.10296	0.00476
0.622	2.10279	0.00472
0.623	2.10262	0.00467
0.624	2.10245	0.00462
0.625	2.10228	0.00456
0.626	2.1021	0.0045
0.627	2.10193	0.00444
0.628	2.10174	0.00438
0.629	2.10157	0.00432
0.63	2.10139	0.00425
0.631	2.10121	0.00418
0.632	2.10103	0.00411
0.633	2.10084	0.00403
0.634	2.10065	0.00396
0.635	2.10046	0.00388
0.636	2.10027	0.0038
0.637	2.10008	0.00372
0.638	2.09988	0.00364
0.639	2.09968	0.00356
0.64	2.09948	0.00348
0.641	2.09928	0.0034
0.642	2.09908	0.00332
0.643	2.09888	0.00323
0.644	2.09867	0.00315
0.645	2.09846	0.00307
0.646	2.09825	0.00299
0.647	2.09804	0.00291
0.648	2.09783	0.00282
0.649	2.09761	0.00274
0.65	2.09739	0.00266
0.651	2.09718	0.00258
0.652	2.09695	0.00251
0.653	2.09673	0.00243
0.654	2.09651	0.00235
0.655	2.09629	0.00228
0.656	2.09607	0.0022
0.657	2.09584	0.00213
0.658	2.09561	0.00206
0.659	2.09539	0.00199
0.66	2.09516	0.00192
0.661	2.09493	0.00185
0.662	2.0947	0.00178
0.663	2.09447	0.00172
0.664	2.09424	0.00166
0.665	2.09401	0.00159
0.666	2.09378	0.00153
0.667	2.09355	0.00148
0.668	2.09332	0.00142
0.669	2.09309	0.00136
0.67	2.09285	0.00131
0.671	2.09263	0.00126
0.672	2.0924	0.00121
0.673	2.09217	0.00116
0.674	2.09194	0.00111
0.675	2.0917	0.00106
0.676	2.09147	0.00102
0.677	2.09125	9.77315E-4
0.678	2.09102	9.35766E-4
0.679	2.09079	8.9547E-4
0.68	2.09056	8.57027E-4
0.681	2.09034	8.19487E-4
0.682	2.09011	7.83433E-4
0.683	2.08989	7.48892E-4
0.684	2.08966	7.15256E-4
0.685	2.08944	6.83431E-4
0.686	2.08922	6.52784E-4
0.687	2.08899	6.23181E-4
0.688	2.08877	5.95172E-4
0.689	2.08855	5.67884E-4
0.69	2.08834	5.41698E-4
0.691	2.08812	5.16857E-4
0.692	2.0879	4.92782E-4
0.693	2.08768	4.70115E-4
0.694	2.08747	4.48418E-4
0.695	2.08726	4.27374E-4
0.696	2.08704	4.07683E-4
0.697	2.08683	3.8864E-4
0.698	2.08662	3.70359E-4
0.699	2.08641	3.53318E-4
0.7	2.0862	3.36746E-4
0.701	2.086	3.20872E-4
0.702	2.08579	3.05985E-4
0.703	2.08559	2.91627E-4
0.704	2.08538	2.78202E-4
0.705	2.08518	2.65284E-4
0.706	2.08498	2.52747E-4
0.707	2.08478	2.41297E-4
0.708	2.08458	2.30178E-4
0.709	2.08438	2.19521E-4
0.71	2.08418	2.09645E-4
0.711	2.08399	2.00085E-4
0.712	2.08379	1.90995E-4
0.713	2.0836	1.82501E-4
0.714	2.08341	1.74353E-4
0.715	2.08321	1.66672E-4
0.716	2.08302	1.59399E-4
0.717	2.08283	1.52502E-4
0.718	2.08264	1.46107E-4
0.719	2.08246	1.40055E-4
0.72	2.08227	1.34303E-4
0.721	2.08209	1.29015E-4
0.722	2.0819	1.23931E-4
0.723	2.08172	1.19119E-4
0.724	2.08153	1.14702E-4
0.725	2.08135	1.10523E-4
0.726	2.08117	1.0647E-4
0.727	2.08099	1.02654E-4
0.728	2.08081	9.90953E-5
0.729	2.08064	9.58186E-5
0.73	2.08046	9.26678E-5
0.731	2.08028	8.97179E-5
0.732	2.08011	8.69403E-5
0.733	2.07993	8.42494E-5
0.734	2.07976	8.16885E-5
0.735	2.07959	7.93048E-5
0.736	2.07941	7.70476E-5
0.737	2.07925	7.49566E-5
0.738	2.07908	7.29991E-5
0.739	2.07891	7.12115E-5
0.74	2.07874	6.95688E-5
0.741	2.07857	6.79932E-5
0.742	2.0784	6.65288E-5
0.743	2.07824	6.51706E-5
0.744	2.07807	6.38788E-5
0.745	2.07791	6.27277E-5
0.746	2.07774	6.17397E-5
0.747	2.07758	6.08189E-5
0.748	2.07741	6.00582E-5
0.749	2.07725	5.93621E-5
0.75	2.07709	5.87567E-5
0.751	2.07693	5.82837E-5
0.752	2.07677	5.78787E-5
0.753	2.07661	5.75896E-5
0.754	2.07645	5.74085E-5
0.755	2.07629	5.72948E-5
0.756	2.07613	5.73189E-5
0.757	2.07598	5.74287E-5
0.758	2.07582	5.76115E-5
0.759	2.07566	5.79472E-5
0.76	2.0755	5.84161E-5
0.761	2.07535	5.90714E-5
0.762	2.07519	5.986E-5
0.763	2.07504	6.07567E-5
0.764	2.07489	6.18899E-5
0.765	2.07473	6.31242E-5
0.766	2.07458	6.44385E-5
0.767	2.07442	6.60446E-5
0.768	2.07427	6.78178E-5
0.769	2.07412	6.97392E-5
0.77	2.07397	7.19633E-5
0.771	2.07381	7.43775E-5
0.772	2.07366	7.70691E-5
0.773	2.07351	8.00307E-5
0.774	2.07336	8.31729E-5
0.775	2.07321	8.66765E-5
0.776	2.07306	9.0497E-5
0.777	2.07291	9.45209E-5
0.778	2.07276	9.89704E-5
0.779	2.07261	1.03754E-4
0.78	2.07246	1.08834E-4
0.781	2.07232	1.14484E-4
0.782	2.07217	1.20411E-4
0.783	2.07202	1.26753E-4
0.784	2.07187	1.33732E-4
0.785	2.07172	1.41051E-4
0.786	2.07158	1.48969E-4
0.787	2.07143	1.57414E-4
0.788	2.07128	1.66215E-4
0.789	2.07113	1.75871E-4
0.79	2.07099	1.85945E-4
0.791	2.07084	1.96389E-4
0.792	2.0707	2.07893E-4
0.793	2.07055	2.19871E-4
0.794	2.07041	2.32522E-4
0.795	2.07026	2.46078E-4
0.796	2.07012	2.60109E-4
0.797	2.06997	2.74967E-4
0.798	2.06983	2.9079E-4
0.799	2.06969	3.07188E-4
0.8	2.06954	3.24569E-4
0.801	2.0694	3.42781E-4
0.802	2.06926	3.61702E-4
0.803	2.06912	3.8174E-4
0.804	2.06898	4.02451E-4
0.805	2.06884	4.24092E-4
0.806	2.0687	4.46925E-4
0.807	2.06856	4.70368E-4
0.808	2.06842	4.94847E-4
0.809	2.06828	5.20429E-4
0.81	2.06815	5.46712E-4
0.811	2.06801	5.74521E-4
0.812	2.06788	6.03128E-4
0.813	2.06774	6.32336E-4
0.814	2.06761	6.62963E-4
0.815	2.06748	6.94335E-4
0.816	2.06734	7.26696E-4
0.817	2.06721	7.60464E-4
0.818	2.06708	7.94869E-4
0.819	2.06696	8.30233E-4
0.82	2.06683	8.66748E-4
0.821	2.0667	9.03955E-4
0.822	2.06658	9.4256E-4
0.823	2.06646	9.81964E-4
0.824	2.06633	0.00102
0.825	2.06621	0.00106
0.826	2.06609	0.00111
0.827	2.06598	0.00115
0.828	2.06586	0.00119
0.829	2.06575	0.00124
0.83	2.06563	0.00128
0.831	2.06552	0.00133
0.832	2.06541	0.00137
0.833	2.0653	0.00142
0.834	2.0652	0.00147
0.835	2.06509	0.00152
0.836	2.06499	0.00156
0.837	2.06489	0.00161
0.838	2.06479	0.00166
0.839	2.06469	0.00171
0.84	2.0646	0.00176
0.841	2.06451	0.00181
0.842	2.06441	0.00186
0.843	2.06432	0.00191
0.844	2.06424	0.00196
0.845	2.06415	0.00201
0.846	2.06407	0.00206
0.847	2.06399	0.00211
0.848	2.06391	0.00216
0.849	2.06383	0.00221
0.85	2.06376	0.00226
0.851	2.06368	0.00231
0.852	2.06361	0.00236
0.853	2.06354	0.00241
0.854	2.06348	0.00245
0.855	2.06341	0.0025
0.856	2.06335	0.00255
0.857	2.06329	0.00259
0.858	2.06323	0.00263
0.859	2.06317	0.00268
0.86	2.06311	0.00272
0.861	2.06306	0.00276
0.862	2.063	0.0028
0.863	2.06295	0.00284
0.864	2.06291	0.00287
0.865	2.06286	0.00291
0.866	2.06281	0.00295
0.867	2.06277	0.00298
0.868	2.06272	0.00301
0.869	2.06268	0.00304
0.87	2.06264	0.00307
0.871	2.0626	0.0031
0.872	2.06256	0.00312
0.873	2.06252	0.00315
0.874	2.06249	0.00317
0.875	2.06245	0.00319
0.876	2.06242	0.00321
0.877	2.06239	0.00323
0.878	2.06235	0.00324
0.879	2.06232	0.00326
0.88	2.06229	0.00327
0.881	2.06226	0.00328
0.882	2.06223	0.00329
0.883	2.0622	0.00329
0.884	2.06217	0.0033
0.885	2.06214	0.0033
0.886	2.06211	0.0033
0.887	2.06208	0.0033
0.888	2.06206	0.0033
0.889	2.06203	0.0033
0.89	2.062	0.00329
0.891	2.06197	0.00329
0.892	2.06194	0.00328
0.893	2.06191	0.00327
0.894	2.06188	0.00326
0.895	2.06185	0.00324
0.896	2.06182	0.00323
0.897	2.06179	0.00321
0.898	2.06176	0.00319
0.899	2.06173	0.00318
0.9	2.0617	0.00316
0.901	2.06167	0.00313
0.902	2.06164	0.00311
0.903	2.0616	0.00309
0.904	2.06157	0.00306
0.905	2.06153	0.00303
0.906	2.0615	0.003
0.907	2.06146	0.00298
0.908	2.06142	0.00295
0.909	2.06139	0.00291
0.91	2.06135	0.00288
0.911	2.06131	0.00285
0.912	2.06127	0.00281
0.913	2.06122	0.00278
0.914	2.06118	0.00274
0.915	2.06114	0.00271
0.916	2.06109	0.00267
0.917	2.06105	0.00263
0.918	2.061	0.0026
0.919	2.06095	0.00256
0.92	2.0609	0.00252
0.921	2.06085	0.00248
0.922	2.0608	0.00244
0.923	2.06075	0.0024
0.924	2.0607	0.00236
0.925	2.06064	0.00232
0.926	2.06059	0.00228
0.927	2.06053	0.00224
0.928	2.06047	0.00219
0.929	2.06041	0.00215
0.93	2.06036	0.00211
0.931	2.0603	0.00207
0.932	2.06023	0.00203
0.933	2.06017	0.00199
0.934	2.06011	0.00195
0.935	2.06005	0.00191
0.936	2.05998	0.00187
0.937	2.05992	0.00183
0.938	2.05985	0.00178
0.939	2.05978	0.00174
0.94	2.05971	0.0017
0.941	2.05965	0.00167
0.942	2.05958	0.00163
0.943	2.05951	0.00159
0.944	2.05943	0.00155
0.945	2.05936	0.00151
0.946	2.05929	0.00147
0.947	2.05922	0.00144
0.948	2.05914	0.0014
0.949	2.05907	0.00136
0.95	2.059	0.00133
0.951	2.05892	0.00129
0.952	2.05884	0.00126
0.953	2.05877	0.00122
0.954	2.05869	0.00119
0.955	2.05861	0.00116
0.956	2.05854	0.00113
0.957	2.05846	0.00109
0.958	2.05838	0.00106
0.959	2.0583	0.00103
0.96	2.05822	0.001
0.961	2.05814	9.72261E-4
0.962	2.05807	9.43442E-4
0.963	2.05799	9.15046E-4
0.964	2.0579	8.87166E-4
0.965	2.05783	8.60175E-4
0.966	2.05775	8.33675E-4
0.967	2.05767	8.07891E-4
0.968	2.05758	7.82493E-4
0.969	2.0575	7.57533E-4
0.97	2.05742	7.33508E-4
0.971	2.05734	7.09949E-4
0.972	2.05726	6.86772E-4
0.973	2.05718	6.64503E-4
0.974	2.0571	6.42738E-4
0.975	2.05702	6.21333E-4
0.976	2.05694	6.00688E-4
0.977	2.05686	5.80546E-4
0.978	2.05678	5.60832E-4
0.979	2.0567	5.41788E-4
0.98	2.05661	5.23184E-4
0.981	2.05653	5.0511E-4
0.982	2.05645	4.87724E-4
0.983	2.05637	4.70654E-4
0.984	2.05629	4.54027E-4
0.985	2.05621	4.38142E-4
0.986	2.05613	4.22567E-4
0.987	2.05605	4.07388E-4
0.988	2.05597	3.92796E-4
0.989	2.05589	3.7859E-4
0.99	2.05581	3.65106E-4
0.991	2.05573	3.51874E-4
0.992	2.05566	3.38849E-4
0.993	2.05558	3.26402E-4
0.994	2.0555	3.14316E-4
0.995	2.05542	3.02526E-4
0.996	2.05534	2.91437E-4
0.997	2.05526	2.80616E-4
0.998	2.05519	2.70098E-4
0.999	2.05511	2.60028E-4
1	2.05503	2.50859E-4